/NumWaves	25
/NumPoints	259
/PPheights		9.581877e-01	9.517022e-01	1.150309e-02	8.973640e+01	1.952635e+02	5.754736e+01	2.634977e-01	1.974482e-01	2.012507e-01	4.527320e-01	5.835420e-03	5.947570e-03	1.904093e-03	1.000000e+00	1.000000e+00	1.000000e+00	1.000000e+00	1.000000e+00	1.000000e+00	1.000000e+00	1.000000e+00	1.000000e+00	1.000000e+00	1.000000e+00	1.000000e+00

/Matrix
-2.625736e-01	-1.101009e-01	-1.692405e-03	-1.941654e+01	5.269914e+01	-1.295593e+01	-7.619397e-02	-2.440973e-02	7.114353e-04	6.580133e-02	6.048714e-04	6.300760e-04	1.317807e-04	-3.845533e-02	1.586674e-03	2.169218e-03	5.335119e-03	2.729587e-03	1.761216e-03	1.129733e-03	1.042648e-03	9.605242e-04	-9.942178e-05	-1.242785e-04	-4.008363e-04	
-2.609954e-01	-1.149299e-01	-1.672150e-03	-3.681252e+01	-1.897073e+01	-2.670293e+01	-9.972761e-03	-1.415922e-02	8.875337e-03	8.592254e-02	1.451323e-04	7.252243e-04	4.607004e-05	-3.781345e-02	8.002057e-04	1.396449e-03	4.782897e-03	2.666976e-03	1.742466e-03	1.129359e-03	1.044123e-03	9.635759e-04	-9.942178e-05	-1.242785e-04	-4.008363e-04	
-2.586482e-01	-1.192543e-01	-1.653677e-03	-2.443296e+01	-3.032934e+01	-2.389892e+01	-2.613300e-02	-1.823079e-02	-2.960957e-02	9.755973e-02	2.273524e-04	7.496239e-04	1.342644e-04	-3.715684e-02	2.839150e-05	6.364097e-04	4.228143e-03	2.597887e-03	1.719425e-03	1.126276e-03	1.043114e-03	9.643556e-04	-9.942178e-05	-1.242785e-04	-4.008363e-04	
-1.542325e-01	-1.233495e-01	-1.636053e-03	-9.664141e+00	-3.905819e+01	-1.622977e+01	7.417977e-02	-1.636537e-02	4.400750e-02	7.468902e-02	-5.932213e-04	7.734586e-04	1.780725e-04	-3.648687e-02	-7.281805e-04	-1.102814e-04	3.671432e-03	2.522157e-03	1.691905e-03	1.120319e-03	1.039459e-03	9.627077e-04	-9.942178e-05	-1.242785e-04	-4.008363e-04	
2.096844e-01	-1.275412e-01	-1.618818e-03	-2.467854e+00	-3.926313e+01	-8.540427e+00	3.306420e-02	-6.829536e-03	-1.897780e-02	9.925390e-02	-3.179602e-04	7.967288e-04	4.056225e-05	-3.580491e-02	-1.468933e-03	-8.430144e-04	3.113354e-03	2.439629e-03	1.659719e-03	1.111316e-03	1.032995e-03	9.584733e-04	-9.942178e-05	-1.242785e-04	-4.008363e-04	
5.667536e-01	-1.318396e-01	5.617287e-04	5.842332e-03	-4.536622e+01	-5.189816e+00	1.982951e-02	8.329419e-03	-2.623805e-02	7.020632e-02	-5.932939e-04	3.879778e-04	1.983366e-05	-3.511227e-02	-2.193303e-03	-1.561190e-03	2.554516e-03	2.350155e-03	1.622682e-03	1.099096e-03	1.023553e-03	9.514901e-04	-9.942178e-05	-1.242785e-04	-4.008363e-04	
5.428811e-01	-1.361413e-01	7.792605e-03	3.023444e+01	-2.615663e+01	2.770452e+00	-3.544066e-02	5.040318e-03	-2.261160e-02	5.753136e-02	-6.332477e-04	1.951197e-04	2.483530e-06	-3.441023e-02	-2.900742e-03	-2.264223e-03	1.995537e-03	2.253600e-03	1.580610e-03	1.083486e-03	1.010963e-03	9.415933e-04	-9.942178e-05	-1.242785e-04	-4.008363e-04	
2.156536e-01	-1.401101e-01	8.061786e-03	1.782237e+01	-8.022479e-01	4.970314e+00	-2.564918e-02	4.052287e-03	-5.167241e-03	5.740000e-02	-6.452682e-04	-1.440474e-04	1.635309e-04	-3.370005e-02	-3.590720e-03	-2.951541e-03	1.437046e-03	2.149836e-03	1.533324e-03	1.064308e-03	9.950548e-04	9.286154e-04	-9.942178e-05	-1.242785e-04	-4.008363e-04	
-8.133435e-02	-6.377240e-02	3.856536e-03	-2.690872e+01	-8.409860e+00	-3.570607e+00	-2.833971e-02	7.901796e-03	-2.876563e-02	7.100958e-02	-6.769628e-04	-5.284779e-05	9.293923e-06	-3.298293e-02	-4.262726e-03	-3.622591e-03	8.796848e-04	2.038750e-03	1.480647e-03	1.041388e-03	9.756541e-04	9.123868e-04	-9.942178e-05	-1.242785e-04	-4.008363e-04	
-2.483489e-01	2.752438e-01	3.940210e-04	-3.691109e+01	-5.163252e+01	-1.349393e+01	-2.105820e-02	1.006753e-02	-5.483433e-02	7.920312e-02	-3.213042e-04	5.621438e-05	1.626835e-04	-3.226003e-02	-4.916269e-03	-4.276836e-03	3.241029e-04	1.920237e-03	1.422408e-03	1.014548e-03	9.525865e-04	8.927363e-04	-9.942178e-05	-1.242785e-04	-4.008363e-04	
-3.171611e-01	5.782861e-01	-1.468530e-03	-2.190160e+01	-6.420365e+01	-1.891333e+01	-1.555810e-02	8.190939e-04	-1.918229e-02	7.435856e-02	-2.822681e-04	-4.189089e-05	1.641982e-04	-3.153251e-02	-5.550884e-03	-4.913761e-03	-2.290436e-04	1.794210e-03	1.358441e-03	9.836104e-04	9.256772e-04	8.694913e-04	-9.942178e-05	-1.242785e-04	-4.008363e-04	
-3.285161e-01	4.642836e-01	-2.257631e-03	7.129837e-01	-4.961582e+01	-7.855075e+00	4.351782e-03	3.614008e-03	-2.366803e-02	6.964986e-02	8.195214e-04	-8.521478e-05	2.140598e-05	-3.080147e-02	-6.166127e-03	-5.532873e-03	-7.790932e-04	1.660592e-03	1.288585e-03	9.484002e-04	8.947508e-04	8.424788e-04	-9.942178e-05	-1.242785e-04	-4.008363e-04	
-3.116718e-01	1.627749e-01	-2.410184e-03	1.207077e+01	-6.036979e+00	2.335282e+00	-5.473524e-02	2.609127e-03	-2.317713e-02	6.415281e-02	6.811753e-04	-1.077904e-04	2.414467e-05	-3.006795e-02	-6.761580e-03	-6.133701e-03	-1.325381e-03	1.519323e-03	1.212687e-03	9.087417e-04	8.596326e-04	8.115253e-04	-9.942178e-05	-1.242785e-04	-4.008363e-04	
-2.119450e-01	-6.521491e-02	-2.234611e-03	-1.186701e+01	-1.257390e+01	3.700323e+00	3.884581e-02	4.297277e-03	3.011237e-02	5.936839e-02	1.492385e-03	1.352529e-04	3.836342e-05	-2.933300e-02	-7.336855e-03	-6.715802e-03	-1.867240e-03	1.370359e-03	1.130600e-03	8.644617e-04	8.201490e-04	7.764574e-04	-9.942178e-05	-1.242785e-04	-4.008363e-04	
1.472073e-01	-1.853642e-01	-1.963403e-03	-1.440518e+00	4.290861e+00	-1.708347e+00	1.088142e-01	-3.427031e-03	1.992919e-02	-3.340724e-02	5.093238e-04	-4.953810e-05	-1.975368e-04	9.714024e-01	-7.891590e-03	-7.278756e-03	-2.404005e-03	1.213669e-03	1.042187e-03	8.153892e-04	7.761277e-04	7.371030e-04	-9.942178e-05	-1.242785e-04	-4.008363e-04	
5.171204e-01	-2.332947e-01	-1.728923e-03	1.369122e+01	2.076920e+01	1.559256e+00	1.088306e-02	-4.426517e-03	7.978735e-03	-3.444618e-02	-3.818125e-04	-1.915456e-04	1.925936e-04	-2.786269e-02	-8.425453e-03	-7.822175e-03	-2.935010e-03	1.049242e-03	9.473191e-04	7.613565e-04	7.273989e-04	6.932909e-04	-9.942178e-05	-1.242785e-04	-4.008363e-04	
4.863783e-01	-2.399392e-01	-1.571073e-03	2.138967e+01	2.667955e+01	3.880939e+00	2.668963e-02	-8.612866e-03	1.680292e-02	-4.094595e-02	9.891369e-04	-2.864268e-04	3.474107e-05	-2.712920e-02	-8.938144e-03	-8.345695e-03	-3.459594e-03	8.770820e-04	8.458780e-04	7.021997e-04	6.737957e-04	6.448526e-04	-9.942178e-05	-1.242785e-04	-4.008363e-04	
1.795542e-01	-2.275765e-01	-1.479159e-03	1.831780e+01	2.357793e+01	5.372106e+00	-1.912076e-02	-6.482507e-03	5.146443e-02	-3.587778e-02	7.249733e-04	-1.575926e-04	8.496224e-05	-2.639801e-02	-9.429393e-03	-8.848988e-03	-3.977102e-03	6.972134e-04	7.377559e-04	6.377592e-04	6.151547e-04	5.916218e-04	-9.942178e-05	-1.242785e-04	-4.008363e-04	
3.958841e-02	-2.114182e-01	-1.429175e-03	1.726228e+01	3.936913e+01	1.345103e+01	-4.327737e-02	-7.497013e-03	3.772899e-02	-3.045719e-02	4.322128e-04	-2.488382e-04	1.512334e-04	-2.566994e-02	-9.898965e-03	-9.331754e-03	-4.486886e-03	5.096778e-04	6.228560e-04	5.678807e-04	5.513168e-04	5.334359e-04	-9.942178e-05	-1.242785e-04	-4.008363e-04	
2.702128e-01	-1.990681e-01	-1.401338e-03	2.106419e+01	4.775708e+01	8.897756e+00	3.067729e-02	6.801588e-03	-2.817778e-02	-1.239878e-02	2.754440e-04	-2.312886e-04	1.174459e-06	-2.494581e-02	-1.034666e-02	-9.793724e-03	-4.988307e-03	3.145364e-04	5.010947e-04	4.924162e-04	4.821279e-04	4.701361e-04	-9.942178e-05	-1.242785e-04	-4.008363e-04	
5.427437e-01	-1.922068e-01	1.468954e-03	2.829461e+01	5.824994e+01	1.183963e+01	2.199428e-02	1.179597e-02	-1.394896e-02	-5.576729e-02	-4.169550e-05	-3.339383e-04	-1.696683e-04	-2.422638e-02	-1.077230e-02	-1.023467e-02	-5.480736e-03	1.118700e-04	3.724008e-04	4.112239e-04	4.074398e-04	4.015687e-04	-9.942178e-05	-1.242785e-04	-4.008363e-04	
4.636444e-01	-1.896598e-01	8.427610e-03	4.367965e+01	8.818236e+01	1.720897e+01	2.208764e-03	1.079667e-02	-8.963283e-03	-6.750780e-02	9.841294e-04	-4.355571e-04	-6.098414e-05	-2.351238e-02	-1.117576e-02	-1.065438e-02	-5.963558e-03	-9.822045e-05	2.367173e-04	3.241699e-04	3.271106e-04	3.275853e-04	-9.942178e-05	-1.242785e-04	-4.008363e-04	
1.412590e-01	-1.897011e-01	7.925353e-03	9.220599e+00	8.932751e+01	1.359583e+01	5.599879e-02	5.107903e-03	1.451619e-02	-8.124356e-02	-3.704992e-04	-6.427609e-04	1.304048e-04	-2.280449e-02	-1.155693e-02	-1.105269e-02	-6.436171e-03	-3.156135e-04	9.400181e-05	2.311285e-04	2.410057e-04	2.480441e-04	-9.942178e-05	-1.242785e-04	-4.008363e-04	
-1.230215e-01	-1.902198e-01	3.633287e-03	-3.054752e+01	1.533630e+01	3.631980e+00	-1.399793e-02	8.818519e-03	-1.844546e-02	-4.936215e-02	-3.691051e-04	-6.547099e-04	1.497713e-04	-2.210337e-02	-1.191576e-02	-1.142948e-02	-6.897990e-03	-5.401670e-04	-5.577289e-05	1.319830e-04	1.489988e-04	1.628098e-04	-9.942178e-05	-1.242785e-04	-4.008363e-04	
-2.609189e-01	-8.920031e-02	3.266855e-04	-3.322532e+01	-1.054824e+01	-4.054562e+00	-1.588487e-02	7.847632e-03	-3.860603e-03	-6.091513e-02	7.807182e-05	-5.599145e-04	-4.659471e-06	-2.140965e-02	-1.225222e-02	-1.178464e-02	-7.348448e-03	-7.717179e-04	-2.126179e-04	2.662680e-05	5.097221e-05	7.175560e-05	-9.942178e-05	-1.242785e-04	-4.008363e-04	
-3.111325e-01	2.711512e-01	-1.413726e-03	-8.872754e+00	-5.807119e+00	-7.955568e-01	-8.175968e-05	6.873827e-03	2.503533e-02	-8.381008e-02	-3.687121e-04	-5.432399e-04	1.383262e-05	-2.072390e-02	-1.256630e-02	-1.211812e-02	-7.786995e-03	-1.010082e-03	-3.765278e-04	-8.503635e-05	-5.318216e-05	-2.523726e-05	-9.942178e-05	-1.242785e-04	-4.008363e-04	
-3.124766e-01	6.246411e-01	-2.131041e-03	3.219725e+00	-2.321758e+01	8.581978e+00	-3.260220e-02	5.872233e-03	4.230598e-02	-6.608579e-02	-2.374287e-04	-5.266113e-04	-2.133591e-04	-2.004667e-02	-1.285807e-02	-1.242988e-02	-8.213104e-03	-1.255053e-03	-5.474797e-04	-2.030911e-04	-1.635619e-04	-1.282779e-04	-9.942178e-05	-1.242785e-04	-4.008363e-04	
-2.915478e-01	5.972013e-01	-2.244939e-03	1.564409e+01	-1.618685e+01	1.699194e+01	1.360655e-02	4.938073e-03	5.792089e-03	-4.447119e-02	3.834893e-04	-5.100331e-04	5.035851e-05	-1.937846e-02	-1.312758e-02	-1.271995e-02	-8.626270e-03	-1.506404e-03	-7.254328e-04	-3.276098e-04	-2.802533e-04	-2.374652e-04	-9.942178e-05	-1.242785e-04	-4.008363e-04	
-2.661340e-01	2.663112e-01	-2.056893e-03	1.288120e+01	-7.228356e+00	1.764100e+01	-4.898243e-02	1.487125e-03	-4.600718e-03	-4.799533e-02	4.239540e-04	-2.570083e-04	6.839982e-05	-1.871976e-02	-1.337496e-02	-1.298836e-02	-9.026011e-03	-1.763887e-03	-9.103283e-04	-4.586520e-04	-4.033309e-04	-3.528874e-04	-9.942178e-05	-1.242785e-04	-4.008363e-04	
-2.454699e-01	-3.379335e-02	-1.790923e-03	-4.998031e+00	8.426248e+00	1.182830e+01	-2.614310e-02	3.019815e-03	2.684295e-02	-4.378667e-02	2.305284e-04	-2.492645e-04	-9.646227e-05	-1.807101e-02	-1.360036e-02	-1.323520e-02	-9.411870e-03	-2.027233e-03	-1.102088e-03	-5.962633e-04	-5.328564e-04	-4.746206e-04	-9.942178e-05	-1.242785e-04	-4.008363e-04	
-2.318515e-01	-1.073920e-01	-1.569136e-03	-8.895425e+00	-2.050989e+00	4.458760e+00	-4.588276e-02	2.057444e-03	1.188335e-02	-3.969551e-02	1.050839e-04	-4.604091e-04	-1.243795e-04	-1.743260e-02	-1.380395e-02	-1.346058e-02	-9.783418e-03	-2.296152e-03	-1.300615e-03	-7.404752e-04	-6.688780e-04	-6.027286e-04	-9.942178e-05	-1.242785e-04	-4.008363e-04	
-2.239797e-01	1.777141e-01	-1.424368e-03	-3.850851e+00	-2.093419e+01	-1.361720e+00	-4.814795e-02	1.106566e-03	-6.604406e-03	-3.570953e-02	8.403140e-05	-1.860288e-04	-1.008828e-04	-1.680493e-02	-1.398595e-02	-1.366465e-02	-1.014025e-02	-2.570333e-03	-1.505792e-03	-8.913036e-04	-8.114298e-04	-7.372622e-04	-9.942178e-05	-1.242785e-04	-4.008363e-04	
-2.197189e-01	4.455731e-01	-1.343213e-03	-8.089401e-02	-4.491395e+01	-1.987678e+00	-4.736466e-02	1.677948e-04	-7.254994e-03	-4.965090e-02	2.557822e-04	-1.324331e-04	6.844379e-05	-1.618833e-02	-1.414662e-02	-1.384759e-02	-1.048199e-02	-2.849443e-03	-1.717482e-03	-1.048749e-03	-9.605307e-04	-8.782577e-04	-9.942178e-05	-1.242785e-04	-4.008363e-04	
-2.173767e-01	3.216062e-01	-1.301574e-03	4.281644e+00	-5.280685e+01	1.819123e+00	3.218313e-02	1.456355e-02	3.256372e-02	-2.292888e-02	-7.055652e-05	-4.104661e-04	2.987791e-05	-1.558311e-02	-1.428622e-02	-1.400963e-02	-1.080830e-02	-3.133134e-03	-1.935528e-03	-1.212795e-03	-1.116184e-03	-1.025737e-03	-9.942178e-05	-1.242785e-04	-4.008363e-04	
-2.010001e-01	4.486150e-02	-1.280544e-03	-5.724556e+00	-3.774511e+01	4.486128e+00	1.372482e-03	1.769831e-02	2.199390e-03	-1.597388e-03	2.717641e-04	-1.970306e-04	1.733026e-04	-1.498955e-02	-1.440508e-02	-1.415101e-02	-1.111886e-02	-3.421034e-03	-2.159753e-03	-1.383409e-03	-1.278378e-03	-1.179707e-03	-9.942178e-05	-1.242785e-04	-4.008363e-04	
1.982892e-02	-1.529313e-01	-1.269022e-03	3.832990e+00	-2.600680e+01	8.201242e+00	2.585513e-02	9.648022e-03	-3.028912e-02	-2.083802e-02	-1.698430e-04	6.363264e-05	-1.836168e-05	-1.440789e-02	-1.450353e-02	-1.427202e-02	-1.141339e-02	-3.712755e-03	-2.389957e-03	-1.560540e-03	-1.447082e-03	-1.340158e-03	-9.942178e-05	-1.242785e-04	-4.008363e-04	
4.264151e-01	-2.514550e-01	-1.261537e-03	6.739642e+00	-1.427174e+01	5.721231e+00	5.150782e-02	2.790994e-03	3.261940e-02	-3.890898e-02	4.814345e-04	1.069669e-04	-2.061325e-04	-1.383837e-02	-1.458196e-02	-1.437296e-02	-1.169163e-02	-4.007889e-03	-2.625923e-03	-1.744119e-03	-1.622250e-03	-1.507064e-03	-9.942178e-05	-1.242785e-04	-4.008363e-04	
6.557432e-01	-2.861424e-01	-1.255359e-03	1.171011e+01	-1.492606e+01	8.157509e+00	2.233545e-03	4.818722e-03	-8.448278e-03	-2.345602e-02	-9.926233e-07	5.719741e-05	-1.895619e-04	-1.328116e-02	-1.464074e-02	-1.445419e-02	-1.195337e-02	-4.306013e-03	-2.867411e-03	-1.934058e-03	-1.803816e-03	-1.680381e-03	-9.942178e-05	-1.242785e-04	-4.008363e-04	
4.578948e-01	-2.851402e-01	-1.250481e-03	1.475113e+01	-2.762202e-01	1.044198e+01	-2.968747e-02	-2.468438e-03	-3.494136e-03	-1.630248e-02	-5.112206e-04	1.415051e-04	-4.319468e-05	-1.273643e-02	-1.468032e-02	-1.451606e-02	-1.219842e-02	-4.606688e-03	-3.114161e-03	-2.130251e-03	-1.991698e-03	-1.860049e-03	-9.942178e-05	-1.242785e-04	-4.008363e-04	
1.133466e-01	-2.682692e-01	-1.245789e-03	-6.411051e+00	-3.040198e+00	6.429043e+00	3.952507e-02	-1.076435e-02	-8.395632e-02	-7.766596e-03	-2.015222e-04	3.314073e-04	-1.569344e-04	-1.220431e-02	-1.470114e-02	-1.455899e-02	-1.242663e-02	-4.909456e-03	-3.365893e-03	-2.332572e-03	-2.185792e-03	-2.045988e-03	-9.942178e-05	-1.242785e-04	-4.008363e-04	
-1.297861e-01	-1.692120e-01	-1.241394e-03	-4.714697e-01	7.983354e-01	9.694656e+00	9.231863e-02	-1.614311e-02	-1.322826e-02	-4.149437e-02	7.266286e-04	1.767552e-04	-3.138690e-04	-1.168492e-02	-1.470369e-02	-1.458338e-02	-1.263789e-02	-5.213849e-03	-3.622307e-03	-2.540876e-03	-2.385979e-03	-2.238101e-03	-9.942178e-05	-1.242785e-04	-4.008363e-04	
-2.506336e-01	1.881094e-01	-1.237476e-03	-2.790009e+00	1.839850e+01	2.488651e-01	5.162014e-02	-8.729709e-03	3.175058e-04	3.428175e-02	1.504618e-04	1.946868e-04	-1.250169e-04	-1.117834e-02	-1.468845e-02	-1.458971e-02	-1.283210e-02	-5.519383e-03	-3.883083e-03	-2.754997e-03	-2.592116e-03	-2.436269e-03	-9.942178e-05	-1.242785e-04	-4.008363e-04	
-2.917880e-01	5.706120e-01	-1.233829e-03	-1.895388e+01	-2.966529e+01	-9.279607e+00	9.032550e-02	1.467528e-02	-4.939143e-02	2.829703e-02	-7.822400e-04	-2.338419e-04	2.972634e-04	-1.068463e-02	9.853441e-01	-1.457842e-02	-1.300922e-02	-5.825563e-03	-4.147883e-03	-2.974751e-03	-2.804044e-03	-2.640358e-03	-9.942178e-05	-1.242785e-04	-4.008363e-04	
-2.891228e-01	5.951323e-01	-1.230265e-03	9.757257e+00	3.321670e+01	2.133118e+00	3.854489e-02	1.821713e-02	5.933612e-02	3.006443e-02	-6.800524e-04	-2.596356e-04	2.999476e-04	-1.020382e-02	-1.460672e-02	9.854500e-01	-1.316922e-02	-6.131885e-03	-4.416348e-03	-3.199931e-03	-3.021582e-03	-2.850210e-03	-9.942178e-05	-1.242785e-04	-4.008363e-04	
-2.681040e-01	2.806553e-01	-1.226751e-03	9.979352e+00	4.530296e+01	1.831288e+00	-5.224615e-03	6.457710e-03	2.278898e-02	2.038838e-02	-5.371435e-04	-3.569305e-04	1.788180e-04	-9.735927e-03	-1.454133e-02	-1.450505e-02	-1.331213e-02	-6.437831e-03	-4.688103e-03	-3.430312e-03	-3.244529e-03	-3.065650e-03	-9.942178e-05	-1.242785e-04	-4.008363e-04	
-2.450992e-01	-1.927350e-02	-1.223305e-03	1.570149e+00	4.076812e+01	8.757577e+00	1.608828e-02	-7.139459e-03	-1.310333e-03	1.200134e-02	-1.421574e-04	2.687820e-04	1.330731e-04	-9.280947e-03	-1.446035e-02	-1.444402e-02	-1.343800e-02	-6.742877e-03	-4.962755e-03	-3.665648e-03	-3.472665e-03	-3.286483e-03	-9.942178e-05	-1.242785e-04	-4.008363e-04	
-2.275635e-01	-2.956436e-03	-1.219947e-03	-3.255965e+00	2.739651e+01	4.363289e+00	-2.988456e-02	-1.575921e-02	-1.785076e-03	-4.534386e-03	-4.502924e-04	1.752198e-04	6.830835e-05	-8.838851e-03	-1.436437e-02	-1.436748e-02	-1.354691e-02	-7.046496e-03	-5.239895e-03	-3.905674e-03	-3.705750e-03	-3.512492e-03	-9.942178e-05	-1.242785e-04	-4.008363e-04	
-2.166242e-01	3.209130e-01	-1.216692e-03	5.460932e+00	3.440361e+01	4.029515e+00	-3.375759e-02	-1.681338e-02	1.795578e-02	-5.913357e-03	-1.492230e-04	3.074446e-04	-3.365340e-05	-8.409591e-03	-1.425400e-02	-1.427600e-02	-1.363897e-02	-7.348149e-03	-5.519095e-03	-4.150105e-03	-3.943521e-03	-3.743441e-03	-9.942178e-05	-1.242785e-04	-4.008363e-04	
-2.106326e-01	5.594474e-01	-1.213549e-03	8.965017e+00	4.384217e+01	3.992393e-01	-3.513568e-02	-1.430494e-02	1.361904e-02	7.033482e-03	-7.210270e-04	3.272080e-04	-1.911728e-05	-7.993100e-03	-1.412983e-02	-1.417018e-02	-1.371434e-02	-7.647297e-03	-5.799918e-03	-4.398636e-03	-4.185701e-03	-3.979076e-03	-9.942178e-05	-1.242785e-04	-4.008363e-04	
-2.075781e-01	4.004384e-01	-1.210515e-03	2.385848e+01	3.517481e+01	1.060400e+01	-1.584943e-02	-1.836438e-02	-8.021121e-03	-2.059293e-03	-5.818492e-05	3.472221e-04	-4.789977e-06	-7.589297e-03	-1.399251e-02	-1.405059e-02	-1.377319e-02	-7.943399e-03	-6.081906e-03	-4.650942e-03	-4.431988e-03	-4.219120e-03	-1.788507e-04	-1.242785e-04	-4.008363e-04	
-2.059284e-01	7.633699e-02	-1.207582e-03	2.569789e+01	7.492526e+01	1.504697e+01	-1.794222e-02	-1.583673e-02	-2.744350e-02	-1.877172e-02	3.017174e-04	5.192389e-04	9.332818e-06	-7.198081e-03	-1.384267e-02	-1.391787e-02	-1.381573e-02	-8.235913e-03	-6.364594e-03	-4.906682e-03	-4.682064e-03	-4.463279e-03	-1.915669e-04	-1.242785e-04	-4.008363e-04	
-1.394992e-01	-1.577784e-01	-1.204738e-03	1.139763e+01	7.004616e+01	1.529356e+01	2.417186e-02	-8.972570e-03	-3.044669e-04	1.672251e-04	-6.431257e-04	4.735597e-04	8.807577e-05	-6.819337e-03	-1.368094e-02	-1.377261e-02	-1.384221e-02	-8.524294e-03	-6.647503e-03	-5.165495e-03	-4.935591e-03	-4.711239e-03	-2.055294e-04	-1.242785e-04	-4.008363e-04	
1.879750e-01	-2.737184e-01	-1.171774e-03	2.579880e+00	5.244667e+01	1.025939e+00	-2.910991e-02	-2.128235e-03	-2.225626e-02	7.142907e-03	-4.617871e-04	6.719810e-04	3.693685e-05	-6.452934e-03	-1.350797e-02	-1.361544e-02	-1.385288e-02	-8.808006e-03	-6.930142e-03	-5.427003e-03	-5.192215e-03	-4.962667e-03	-2.208261e-04	-1.242785e-04	-4.008363e-04	
5.170845e-01	-3.126529e-01	3.415315e-03	2.380683e+01	3.042130e+01	1.881930e+00	5.943162e-02	-3.753884e-03	-3.053456e-03	-6.840933e-02	4.039340e-04	7.602485e-04	5.040299e-05	-6.098731e-03	-1.332441e-02	-1.344700e-02	9.861519e-01	-9.086511e-03	-7.212013e-03	-5.690812e-03	-5.451560e-03	-5.217211e-03	-2.375483e-04	-2.177096e-04	-4.008363e-04	
4.362814e-01	-3.093447e-01	9.197462e-03	3.626113e+01	8.154897e+01	2.987377e+00	4.784299e-03	-1.158696e-02	2.668252e-02	-5.408960e-02	-2.291174e-04	6.703134e-04	6.366550e-05	-5.756569e-03	-1.313091e-02	-1.326792e-02	-1.382805e-02	-9.359282e-03	-7.492611e-03	-5.956511e-03	-5.713238e-03	-5.474504e-03	-2.557916e-04	-2.307191e-04	-4.008363e-04	
1.451132e-01	-2.881694e-01	7.200053e-03	1.513146e+00	6.945476e+01	-9.235281e-01	-4.256585e-02	-1.245829e-02	2.627183e-03	-6.152344e-02	-3.221942e-05	6.923364e-04	7.673846e-05	-5.426280e-03	-1.292813e-02	-1.307885e-02	-1.379321e-02	-9.625793e-03	-7.771420e-03	-6.223673e-03	-5.976842e-03	-5.734159e-03	-2.756550e-04	-2.449628e-04	-4.008363e-04	
7.386702e-02	-2.650702e-01	2.896856e-03	-2.855574e+01	1.113015e+01	-6.991462e+00	-2.889205e-02	-1.331816e-02	-2.387971e-02	-3.984639e-02	6.247025e-06	7.146938e-04	-6.691832e-05	-5.107686e-03	-1.271671e-02	-1.288041e-02	-1.374391e-02	-9.885535e-03	-8.047924e-03	-6.491859e-03	-6.241951e-03	-5.995775e-03	-2.972418e-04	-2.605272e-04	-4.008363e-04	
3.427126e-01	-2.475240e-01	1.173692e-04	-3.384293e+01	-2.905468e+00	-1.495092e+01	1.598123e-02	1.366532e-02	-6.222854e-03	-4.442981e-02	-3.047638e-04	3.022715e-04	-2.438915e-04	-4.800597e-03	-1.249731e-02	-1.267326e-02	-1.368055e-02	-1.013800e-02	-8.321600e-03	-6.760617e-03	-6.508128e-03	-6.258933e-03	-3.206586e-04	-2.775025e-04	-4.008363e-04	
5.429892e-01	-2.367466e-01	4.343985e-03	-8.689416e+00	-6.221138e+00	-3.550638e+00	2.740944e-02	9.704250e-03	2.489020e-02	-1.022266e-01	-6.019831e-05	2.499672e-04	-2.913439e-04	-4.504814e-03	-1.227056e-02	-1.245803e-02	-1.360355e-02	-1.038270e-02	-8.591925e-03	-7.029480e-03	-6.774925e-03	-6.523203e-03	-3.460160e-04	-2.959828e-04	-4.008363e-04	
3.592649e-01	-2.310909e-01	8.467793e-03	3.224874e+01	3.737146e+01	9.992533e+00	-3.875791e-02	6.090681e-03	1.756676e-02	-1.256875e-01	-2.547807e-04	2.733623e-04	-2.791490e-04	-4.220131e-03	-1.203712e-02	-1.223536e-02	-1.351334e-02	-1.061917e-02	-8.858372e-03	-7.297973e-03	-7.041879e-03	-6.788138e-03	-3.734280e-04	-3.160662e-04	-4.008363e-04	
5.117676e-02	-2.168252e-01	5.657075e-03	2.341925e+01	3.399832e+01	1.724456e+01	-6.211215e-02	5.867832e-03	9.233910e-03	-1.176587e-01	-1.022721e-04	2.970614e-04	-2.671774e-04	-3.946333e-03	-1.179760e-02	-1.200587e-02	-1.341039e-02	-1.084692e-02	-9.120420e-03	-7.565609e-03	-7.308518e-03	-7.053280e-03	-4.030122e-04	-3.378545e-04	-4.008363e-04	
-1.572714e-01	-1.059513e-02	1.668764e-03	-1.480917e+00	3.283816e+01	7.979415e+00	-4.897878e-02	9.287679e-03	-5.414378e-03	-1.058377e-01	3.771767e-05	3.211558e-04	-2.554299e-04	-3.683198e-03	-1.155264e-02	-1.177021e-02	-1.329516e-02	-1.106553e-02	-9.377547e-03	-7.831894e-03	-7.574358e-03	-7.318160e-03	-4.348893e-04	-3.614534e-04	-4.008363e-04	
-2.556109e-01	3.914816e-01	-7.524358e-04	-1.482458e+01	3.770653e+01	-7.293309e-01	-7.069382e-03	6.431708e-03	4.003659e-02	-1.024251e-01	3.561482e-04	1.950250e-04	-1.523189e-04	-3.430499e-03	-1.130286e-02	-1.152899e-02	-1.316815e-02	-1.127457e-02	-9.629235e-03	-8.096327e-03	-7.838909e-03	-7.582297e-03	-4.691833e-04	-3.869722e-04	-4.008363e-04	
-2.855972e-01	5.796806e-01	-1.855025e-03	-1.423616e+01	1.526490e+01	-9.412150e+00	-2.671746e-02	7.524165e-03	9.978026e-03	-9.683943e-02	5.615602e-04	3.703214e-04	-2.326419e-04	-3.188002e-03	-1.104885e-02	-1.128281e-02	-1.302986e-02	-1.147362e-02	-9.874974e-03	-8.358400e-03	-8.101671e-03	-7.845202e-03	-5.060208e-04	-4.145241e-04	-4.008363e-04	
-2.790138e-01	3.550338e-01	-2.189428e-03	-9.193692e+00	1.461890e+01	-7.161420e+00	-1.706936e-02	1.449857e-02	6.149432e-04	-8.172048e-02	2.184149e-04	4.105193e-05	-2.215829e-04	-2.955472e-03	-1.079122e-02	-1.103228e-02	-1.288081e-02	-1.166231e-02	-1.011426e-02	-8.617604e-03	-8.362140e-03	-8.106379e-03	-5.455315e-04	-4.442254e-04	-4.008363e-04	
-2.576733e-01	3.813321e-02	-2.099701e-03	-1.277963e+01	7.405153e+00	-5.560418e+00	-2.718758e-02	1.367709e-02	9.834282e-03	-9.103481e-02	-4.815176e-04	9.886919e-05	-2.107760e-04	-2.732665e-03	-1.053054e-02	-1.077800e-02	-1.272154e-02	-1.184027e-02	-1.034660e-02	-8.873423e-03	-8.619806e-03	-8.365326e-03	-5.878472e-04	-4.761962e-04	-4.008363e-04	
-2.071779e-01	-1.708445e-01	-1.836504e-03	-1.893719e+01	7.390447e+00	-3.540799e+00	-3.212164e-02	1.286621e-02	3.416111e-02	-7.828194e-02	-7.075488e-04	1.858141e-04	-2.002045e-04	-2.519337e-03	-1.026738e-02	-1.052054e-02	-1.255258e-02	-1.200715e-02	-1.057151e-02	-9.125342e-03	-8.874156e-03	-8.621533e-03	-6.331019e-04	-5.105594e-04	-4.008363e-04	
7.205696e-02	-2.713690e-01	-1.570445e-03	-1.399030e+01	-8.600354e+00	-2.381819e+00	-1.185332e-02	1.209861e-02	-6.740953e-03	-7.383485e-02	-4.330245e-04	4.726295e-04	-1.378877e-04	-2.315240e-03	-1.000231e-02	-1.026047e-02	-1.237447e-02	-1.216265e-02	-1.078852e-02	-9.372845e-03	-9.124676e-03	-8.874491e-03	-6.814313e-04	-5.474413e-04	-4.008363e-04	
4.606633e-01	-3.035842e-01	-1.376528e-03	6.577561e-01	-5.560094e+00	-2.933099e+00	-2.482943e-02	1.128411e-02	1.786194e-02	-9.098276e-02	-1.123840e-04	4.990323e-04	-1.797306e-04	-2.120126e-03	-9.735843e-03	-9.998336e-03	-1.218779e-02	-1.230648e-02	-1.099718e-02	-9.615422e-03	-9.370853e-03	-9.123686e-03	-7.329726e-04	-5.869707e-04	-4.008363e-04	
4.921320e-01	-2.986812e-01	-1.260431e-03	1.850113e+01	1.372950e+01	4.634484e+00	-6.864103e-02	3.979265e-03	1.918163e-02	-9.494937e-02	-1.360809e-05	5.257701e-04	-1.698185e-04	-1.933742e-03	-9.468517e-03	-9.734686e-03	-1.199307e-02	-1.243837e-02	-1.119703e-02	-9.852564e-03	-9.612175e-03	-9.368606e-03	-7.878638e-04	-6.292789e-04	-4.008363e-04	
2.166520e-01	-2.790110e-01	-1.199456e-03	1.378635e+01	-9.329766e+00	8.970484e+00	-6.222807e-02	9.693423e-05	5.297661e-03	-9.374097e-02	1.107985e-04	5.527974e-04	-1.601099e-04	-1.755837e-03	-9.200836e-03	-9.470037e-03	-1.179090e-02	-1.255808e-02	-1.138766e-02	-1.008376e-02	-9.848132e-03	-9.608739e-03	-8.462438e-04	-6.744996e-04	-4.008363e-04	
-4.279565e-02	-2.329267e-01	-1.170504e-03	1.270546e+01	-4.440230e+00	1.298096e+01	-4.284450e-02	8.871491e-03	-2.314822e-02	-9.500963e-02	1.340572e-04	5.207213e-04	-1.506104e-04	-1.586158e-03	-8.933283e-03	-9.204898e-03	-1.158184e-02	-1.266542e-02	-1.156866e-02	-1.030853e-02	-1.007822e-02	-9.843576e-03	-9.082512e-04	-7.227682e-04	-4.008363e-04	
-1.912087e-01	3.777285e-02	-1.157310e-03	1.060181e+01	-4.377160e+00	7.267684e+00	2.833170e-02	2.932259e-04	2.886488e-02	-1.029596e-01	-6.363597e-04	4.374789e-04	-1.413721e-04	-1.424453e-03	-8.666332e-03	-8.939757e-03	-1.136644e-02	-1.276021e-02	-1.173965e-02	-1.052637e-02	-1.030195e-02	-1.007261e-02	-9.740246e-04	-7.742218e-04	-4.008363e-04	
-2.553814e-01	4.463015e-01	-1.151656e-03	5.975120e+00	-1.467340e+01	3.805696e+00	-3.077359e-02	-9.816120e-03	1.425747e-02	-7.818738e-02	-5.567645e-04	4.762792e-04	-8.025960e-05	-1.270470e-03	-8.400430e-03	-8.675085e-03	-1.114529e-02	-1.284230e-02	-1.190027e-02	-1.073681e-02	-1.051882e-02	-1.029535e-02	-1.043701e-03	-8.289986e-04	-4.008363e-04	
-2.694444e-01	5.608563e-01	-1.148593e-03	1.787916e+01	-4.382336e+01	4.090182e-01	2.845176e-04	-2.752534e-03	-1.297692e-02	-7.298946e-02	2.702119e-04	5.579448e-04	-1.236193e-04	-1.123957e-03	-8.136010e-03	-8.411337e-03	-1.091893e-02	-1.291157e-02	-1.205016e-02	-1.093938e-02	-1.072836e-02	-1.051131e-02	-1.117417e-03	-8.872374e-04	-4.008363e-04	
-2.580598e-01	2.957420e-01	-1.145790e-03	2.404687e+01	-2.194915e+01	5.579131e-01	1.270406e-02	-1.138267e-02	5.262588e-02	-9.020408e-02	2.928171e-04	5.807721e-04	-2.510648e-04	-9.846663e-04	-7.873483e-03	-8.148944e-03	-1.068794e-02	-1.296794e-02	-1.218902e-02	-1.113364e-02	-1.093010e-02	-1.072000e-02	-1.195306e-03	-9.490773e-04	-4.008363e-04	
-1.865032e-01	-7.682210e-03	-1.143307e-03	7.266889e+00	-2.227758e+01	-1.662516e-01	-2.723668e-02	-6.878924e-03	4.898696e-02	-9.490629e-02	7.880012e-04	3.205731e-04	-1.068261e-04	-8.523485e-04	-7.613240e-03	-7.888323e-03	-1.045287e-02	-1.301136e-02	-1.231656e-02	-1.131914e-02	-1.112359e-02	-1.092096e-02	-1.277499e-03	-1.014657e-03	-4.008363e-04	
1.395839e-01	-1.946155e-01	-1.140580e-03	8.051546e+00	-1.466650e+01	1.970320e+00	1.209897e-02	8.296933e-04	-1.044682e-03	-8.696054e-02	5.874861e-04	7.497246e-04	-9.879412e-05	-7.267585e-04	-7.355651e-03	-7.629867e-03	-1.021426e-02	-1.304181e-02	-1.243251e-02	-1.149548e-02	-1.130840e-02	-1.111373e-02	-1.364123e-03	-1.084115e-03	-4.008363e-04	
5.297889e-01	-2.801785e-01	-1.137712e-03	9.660933e+00	-1.733234e+01	2.315523e+00	8.498203e-02	-1.704933e-03	6.007302e-02	-4.970853e-02	-3.800628e-04	3.720172e-04	-9.100002e-05	-6.076534e-04	-7.101067e-03	-7.373952e-03	-9.972659e-03	-1.305929e-02	-1.253663e-02	-1.166224e-02	-1.148409e-02	-1.129787e-02	-1.455301e-03	-1.157587e-03	-4.008363e-04	
5.534131e-01	-3.037834e-01	-1.134766e-03	1.283610e+01	-3.136558e+01	4.540162e+00	1.704212e-01	4.675720e-03	-2.447266e-02	4.284516e-02	4.905653e-04	1.868941e-04	2.883348e-04	-4.947929e-04	-6.849817e-03	-7.120931e-03	-9.728594e-03	9.869362e-01	-1.262872e-02	-1.181905e-02	-1.165028e-02	-1.147297e-02	-1.551153e-03	-1.235209e-03	-4.008363e-04	
2.558583e-01	-2.941753e-01	-1.131775e-03	1.112776e+01	-2.009691e+01	1.206590e+01	-1.983743e-02	6.485407e-03	-4.016403e-02	2.578977e-02	5.889673e-04	3.886808e-04	-7.613328e-05	-3.879400e-04	-6.602210e-03	-6.871137e-03	-9.482588e-03	-1.305557e-02	-1.270860e-02	-1.196554e-02	-1.180657e-02	-1.163861e-02	-1.651790e-03	-1.317112e-03	-4.008363e-04	
-2.764893e-02	-1.765232e-01	-1.128745e-03	1.565756e+00	2.556945e+00	1.322414e+01	1.149863e-02	1.571708e-02	-3.795186e-02	-2.821027e-02	3.168650e-04	9.014905e-05	-6.905161e-05	-2.868612e-04	-6.358531e-03	-6.624884e-03	-9.235149e-03	-1.303454e-02	-1.277611e-02	-1.210140e-02	-1.195261e-02	-1.179442e-02	-1.757319e-03	-1.403424e-03	-4.008363e-04	
-1.908119e-01	2.004106e-01	-1.125669e-03	7.172076e+00	3.865613e+01	6.858657e+00	-1.425980e-02	3.902331e-03	-5.924066e-03	-3.524328e-02	2.357489e-04	-4.552218e-05	-2.232738e-04	-1.913267e-04	-6.119047e-03	-6.382462e-03	-8.986776e-03	-1.300091e-02	-1.283115e-02	-1.222631e-02	-1.208806e-02	-1.194002e-02	-1.867839e-03	-1.494271e-03	-4.008363e-04	
-2.610848e-01	4.966294e-01	-1.122538e-03	-7.576552e+00	1.636646e+01	-5.392633e+00	3.990551e-02	-2.092699e-03	-3.789201e-02	-6.054399e-03	9.694808e-04	2.922793e-04	-5.557646e-05	-1.011108e-04	-5.884004e-03	-6.144142e-03	-8.737951e-03	-1.295483e-02	-1.287363e-02	-1.233997e-02	-1.221261e-02	-1.207509e-02	-1.983439e-03	-1.589772e-03	-4.008363e-04	
-2.762091e-01	3.671037e-01	-1.119342e-03	9.714798e+00	-1.055993e+01	-3.254808e+00	9.267540e-02	-9.804685e-03	7.875517e-02	-9.394256e-03	1.662383e-04	3.222607e-04	-2.594709e-04	-1.599192e-05	-5.653624e-03	-5.910174e-03	-8.489141e-03	-1.289652e-02	-1.290350e-02	-1.244215e-02	-1.232597e-02	-1.219931e-02	-2.104202e-03	-1.690041e-03	-4.008363e-04	
-2.636028e-01	7.331283e-02	-1.116073e-03	-2.757073e+00	-2.969621e+01	-2.441241e+00	-1.252324e-02	-1.105722e-02	2.388782e-02	-9.725143e-03	5.331477e-04	3.523583e-04	-2.680047e-04	6.424704e-05	-5.428113e-03	-5.680786e-03	-8.240802e-03	-1.282619e-02	-1.292072e-02	-1.253260e-02	-1.242788e-02	-1.231238e-02	-2.230200e-03	-1.795185e-03	-4.008363e-04	
-2.425660e-01	-5.510161e-02	-1.112728e-03	-2.980112e+01	-6.413134e+01	-1.013290e+01	9.622831e-02	4.236034e-03	-3.527880e-03	9.675324e-02	5.768640e-04	2.122299e-04	1.853354e-04	1.398185e-04	-5.207653e-03	-5.456187e-03	-7.993369e-03	-1.274410e-02	9.870747e-01	-1.261113e-02	-1.251811e-02	-1.241404e-02	-2.361492e-03	-1.905306e-03	-4.008363e-04	
-2.240097e-01	1.834295e-01	-1.109302e-03	-2.819331e+01	-8.441274e+01	-9.403830e+00	5.125671e-03	-1.008999e-03	3.351332e-02	6.378765e-02	4.286054e-04	1.436691e-04	2.607059e-04	2.109302e-04	-4.992405e-03	-5.236564e-03	-7.747262e-03	-1.265053e-02	-1.291734e-02	-1.267757e-02	-1.259646e-02	-1.250406e-02	-2.498129e-03	-2.020494e-03	-4.008363e-04	
-2.115118e-01	4.420414e-01	-1.105794e-03	-2.314554e+01	-6.955991e+01	-1.449147e+01	-8.783702e-04	4.446005e-03	-2.339011e-02	6.432238e-02	6.176902e-04	2.123945e-04	4.734969e-05	2.777847e-04	-4.782516e-03	-5.022084e-03	-7.502881e-03	-1.254579e-02	-1.289685e-02	-1.273178e-02	-1.266275e-02	-1.258224e-02	-2.640146e-03	-2.140835e-03	-4.008363e-04	
-2.044573e-01	3.210888e-01	-1.102200e-03	-2.843745e+01	-5.696775e+01	-1.203322e+01	-6.347568e-02	6.920858e-03	-2.954482e-02	6.381644e-02	8.047050e-04	2.650129e-04	-2.826096e-05	3.405795e-04	-4.578106e-03	-4.812896e-03	-7.260611e-03	-1.243022e-02	-1.286396e-02	-1.277366e-02	-1.271685e-02	-1.264840e-02	-2.787567e-03	-2.266401e-03	-4.008363e-04	
-2.007117e-01	3.887409e-02	-1.098518e-03	-2.529570e+01	-3.532172e+01	-6.714875e+00	-2.237103e-02	5.555745e-05	-8.413988e-03	5.881754e-02	2.416298e-04	2.866824e-04	-6.809770e-05	3.995071e-04	-4.379281e-03	-4.609126e-03	-7.020813e-03	-1.230417e-02	-1.281881e-02	-1.280313e-02	-1.275865e-02	-1.270239e-02	-2.940401e-03	-2.397254e-03	-4.008363e-04	
-1.187108e-01	-1.640827e-01	-1.094747e-03	-1.809989e+01	1.147696e+01	-5.597355e+00	-4.175324e-02	-1.430366e-03	-3.003917e-02	6.374515e-02	3.469975e-04	5.339624e-04	-9.398915e-05	4.547544e-04	-4.186128e-03	-4.410883e-03	-6.783833e-03	-1.216803e-02	-1.276157e-02	-1.282015e-02	-1.278806e-02	-1.274411e-02	-3.098640e-03	-2.533446e-03	-4.008363e-04	
2.249105e-01	-2.640476e-01	-1.017455e-03	-2.319931e+01	-1.616468e+01	-1.243649e+01	6.876925e-02	6.963063e-03	-8.856367e-02	9.411345e-02	-4.476968e-04	5.642711e-04	-4.096772e-04	5.065029e-04	-3.998715e-03	-4.218258e-03	-6.549995e-03	-1.202220e-02	-1.269245e-02	9.871753e-01	-1.280505e-02	-1.277348e-02	-3.262263e-03	-2.675015e-03	-4.008363e-04	
5.319878e-01	-2.982253e-01	4.144016e-03	-6.710568e+00	-2.741448e+01	3.146029e+00	1.771688e-01	6.464782e-03	4.299569e-02	3.222201e-02	-1.484766e-05	-2.656932e-05	-3.309417e-05	5.549287e-04	-3.817091e-03	-4.031324e-03	-6.319602e-03	-1.186709e-02	-1.261167e-02	-1.281684e-02	9.871904e-01	-1.279044e-02	-3.431231e-03	-2.821986e-03	-4.008363e-04	
4.216114e-01	-2.960600e-01	9.402369e-03	3.424184e+01	3.101858e+01	2.505320e+00	5.210417e-02	1.568220e-02	-4.119410e-02	4.707887e-02	-2.380617e-04	-3.360612e-04	-3.058493e-05	6.002024e-04	-3.641292e-03	-3.850134e-03	-6.092937e-03	-1.170316e-02	-1.251950e-02	-1.279659e-02	-1.280175e-02	9.872050e-01	-3.605486e-03	-2.974369e-03	-4.008363e-04	
1.233685e-01	-2.779967e-01	6.993257e-03	2.182063e+01	5.618898e+01	2.086802e-01	-2.058408e-02	1.897042e-02	-1.442409e-02	5.095392e-02	3.634392e-05	-4.846663e-04	-1.994242e-04	6.424887e-04	-3.471336e-03	-3.674726e-03	-5.870263e-03	-1.153085e-02	-1.241623e-02	-1.276406e-02	-1.278153e-02	-1.278714e-02	-3.784952e-03	-3.132160e-03	-4.008363e-04	
-1.015874e-01	-2.488804e-01	2.733391e-03	-2.166645e+01	1.720455e+01	-4.331941e+00	-1.763576e-02	1.129667e-02	5.105544e-03	4.645208e-02	-5.966281e-04	-4.209300e-04	-1.175655e-04	6.819471e-04	-3.307225e-03	-3.505121e-03	-5.651820e-03	-1.135065e-02	-1.230217e-02	-1.271937e-02	-1.274905e-02	-1.276695e-02	-3.969537e-03	-3.295337e-03	-4.008363e-04	
-2.187583e-01	-4.275899e-02	-6.698888e-05	-3.389117e+01	-1.759990e+01	-1.475333e+01	-4.789826e-02	1.070791e-02	-8.193533e-03	6.032249e-02	-6.110804e-04	-5.213416e-04	-1.721572e-04	7.182360e-04	-3.151232e-03	-3.343699e-03	-5.441066e-03	-1.116673e-02	-1.218073e-02	-1.266499e-02	-1.270659e-02	-1.273653e-02	-4.157248e-03	-3.462156e-03	-4.008363e-04	
-2.637070e-01	3.593377e-01	-1.448518e-03	-2.516516e+01	-1.568039e+01	-1.919274e+01	-3.230872e-03	1.268819e-02	-4.840888e-02	7.565340e-02	-3.102776e-04	-4.079924e-04	-3.818802e-05	7.521054e-04	-3.000684e-03	-3.187706e-03	-5.234533e-03	-1.097569e-02	-1.204916e-02	-1.259885e-02	-1.265221e-02	-1.269407e-02	-4.349912e-03	-3.634321e-03	-4.008363e-04	
-2.674334e-01	5.045465e-01	-1.952266e-03	-1.772366e+01	-3.042447e+01	-1.392098e+01	-4.232405e-02	1.350403e-02	-3.780740e-02	5.897563e-02	-4.393805e-05	-3.994304e-04	1.596683e-05	7.836814e-04	-2.855578e-03	-3.037158e-03	-5.032438e-03	-1.077803e-02	-1.190781e-02	-1.252114e-02	-1.258606e-02	-1.263969e-02	-4.547377e-03	-3.811763e-03	-4.008363e-04	
-2.522269e-01	2.701098e-01	-1.951394e-03	-3.149268e+00	1.220595e+00	-7.902270e-01	2.990271e-02	9.006491e-03	1.198101e-02	5.045979e-02	-1.001381e-03	-4.137857e-04	-5.699926e-05	8.130861e-04	-2.715899e-03	-2.892052e-03	-4.834973e-03	-1.057425e-02	-1.175707e-02	-1.243209e-02	-1.250835e-02	-1.257354e-02	-4.749472e-03	-3.994394e-03	-4.008363e-04	
-2.332125e-01	-1.163096e-02	-1.725145e-03	-1.048320e+01	1.584890e+00	4.637278e+00	-2.888956e-02	8.431264e-03	-1.424790e-02	4.347387e-02	-6.219461e-04	-5.320156e-04	-5.479736e-05	8.404387e-04	-2.581616e-03	-2.752374e-03	-4.642310e-03	-1.036486e-02	-1.159737e-02	-1.233194e-02	-1.241930e-02	-1.249584e-02	-4.956005e-03	-4.182106e-03	-4.008363e-04	
-1.615046e-01	-1.870376e-01	-1.467687e-03	-1.654853e+01	-9.849573e+00	1.634669e-01	-1.540926e-03	7.915497e-03	-5.318386e-02	3.729987e-02	-3.549982e-05	-6.331708e-04	-1.736408e-04	8.658539e-04	-2.452684e-03	-2.618090e-03	-4.454598e-03	-1.015040e-02	-1.142914e-02	-1.222100e-02	-1.231916e-02	-1.240678e-02	-5.166759e-03	-4.374769e-03	-4.008363e-04	
1.632368e-01	-2.686622e-01	-1.255653e-03	-2.688867e+01	-1.251429e+00	-1.068492e+01	2.090665e-02	3.898426e-03	2.583869e-02	3.834395e-02	-1.635674e-04	-4.358949e-04	-3.228199e-04	8.894429e-04	-2.329045e-03	-2.489158e-03	-4.271967e-03	-9.931372e-03	-1.125283e-02	-1.209957e-02	-1.220821e-02	-1.230664e-02	-5.381499e-03	-4.572234e-03	-4.008363e-04	
5.097666e-01	-2.926760e-01	3.059531e-03	-1.523367e+01	-1.157451e+01	-9.784432e+00	4.412994e-03	6.912572e-03	5.911129e-04	4.392939e-02	-1.030052e-03	-4.380749e-04	-1.033158e-04	9.113128e-04	-2.210630e-03	-2.365519e-03	-4.094525e-03	-9.708318e-03	-1.106891e-02	-1.196799e-02	-1.208678e-02	-1.219569e-02	-5.599965e-03	-4.774329e-03	-4.008363e-04	
4.512251e-01	-2.858046e-01	9.221951e-03	2.211872e+01	1.191488e+01	-4.767646e+00	-7.415588e-03	6.411497e-03	-1.925244e-02	2.623057e-02	-2.856321e-04	-4.699034e-04	-1.709583e-04	9.315665e-04	-2.097359e-03	-2.247104e-03	-3.922360e-03	-9.481758e-03	-1.087787e-02	-1.182664e-02	-1.195520e-02	-1.207426e-02	-5.821875e-03	-4.980861e-03	-4.008363e-04	
1.577470e-01	-2.638157e-01	7.553703e-03	2.067259e+01	5.267232e+00	5.139979e+00	-6.854272e-03	1.104592e-02	8.746929e-03	1.216201e-02	2.571547e-04	-4.595460e-04	-4.855903e-05	9.503029e-04	-1.989142e-03	-2.133833e-03	-3.755542e-03	-9.252216e-03	-1.068021e-02	-1.167591e-02	-1.181385e-02	-1.194268e-02	-6.046927e-03	-5.191616e-03	-4.008363e-04	
-8.108547e-02	-9.771641e-02	3.247212e-03	-8.163643e+00	-1.549894e+01	6.058477e+00	-1.297075e-02	-3.838631e-04	2.458344e-02	1.749705e-02	-3.096888e-04	-6.502690e-04	-2.780289e-05	9.676167e-04	-1.885880e-03	-2.025616e-03	-3.594120e-03	-9.020210e-03	-1.047643e-02	-1.151620e-02	-1.166312e-02	-1.180133e-02	-6.274796e-03	-5.406356e-03	-4.008363e-04	
-2.098739e-01	3.030429e-01	2.396686e-04	-1.257262e+01	-3.555127e+01	-1.376572e+00	-2.834104e-02	3.682155e-04	-6.786919e-03	1.989631e-02	-6.688418e-04	-5.905894e-04	3.685327e-05	9.835984e-04	-1.787467e-03	-1.922354e-03	-3.438127e-03	-8.786253e-03	-1.026704e-02	-1.134797e-02	-1.150342e-02	-1.165060e-02	-6.505137e-03	-5.624821e-03	-4.008363e-04	
-2.618866e-01	6.229638e-01	-1.284807e-03	-1.616361e+01	-3.709732e+01	-5.198025e+00	-4.386000e-02	4.574556e-03	7.046135e-04	3.376096e-02	-7.834559e-04	-3.723228e-04	4.597698e-05	9.983343e-04	-1.693787e-03	-1.823940e-03	-3.287578e-03	-8.550848e-03	-1.005257e-02	-1.117166e-02	-1.133518e-02	-1.149090e-02	-6.737583e-03	-5.846732e-03	-4.008363e-04	
-2.693412e-01	5.242891e-01	-1.873928e-03	-1.392476e+01	-4.246718e+01	-8.052102e+00	-2.283128e-02	4.113803e-03	-1.856803e-03	2.646716e-02	1.555609e-04	-4.513695e-04	-3.069671e-05	1.011907e-03	-1.604720e-03	-1.730260e-03	-3.142473e-03	-8.314489e-03	-9.833551e-03	-1.098774e-02	-1.115887e-02	-1.132266e-02	-6.971751e-03	-6.071784e-03	-4.008363e-04	
-2.554015e-01	1.831918e-01	-1.918287e-03	-1.449261e+01	-2.495206e+01	-7.183690e-01	2.587171e-02	-1.049854e-03	2.371619e-02	1.182999e-02	-8.422554e-04	-2.396324e-04	1.437269e-04	1.150758e-03	-1.520140e-03	-1.641194e-03	-3.002794e-03	-8.077661e-03	-9.610497e-03	-1.079670e-02	-1.097496e-02	-1.114635e-02	-7.207234e-03	-6.299653e-03	-4.008363e-04	
-2.333020e-01	-9.316576e-02	-1.705770e-03	-2.216885e+01	-4.928834e+00	1.002126e+00	-2.363655e-02	-1.817645e-04	3.423261e-03	3.196806e-02	-9.832095e-04	-4.491055e-04	1.007904e-04	1.150758e-03	-1.439918e-03	-1.556614e-03	-2.868511e-03	-7.840830e-03	-9.383937e-03	-1.059904e-02	-1.078392e-02	-1.096244e-02	-7.443610e-03	-6.529993e-03	-4.008363e-04	
-7.632871e-02	-2.412038e-01	-1.443991e-03	-1.577966e+01	-8.521999e-01	1.362475e+00	-1.057838e-02	2.820018e-03	-3.755227e-02	3.716299e-02	-5.574907e-04	-3.023809e-04	9.224236e-05	1.150758e-03	-1.363917e-03	-1.476392e-03	-2.739579e-03	-7.604454e-03	-9.154395e-03	-1.039526e-02	-1.058625e-02	-1.077140e-02	-7.680440e-03	-6.762440e-03	-4.008363e-04	
3.186489e-01	-2.988409e-01	-1.237145e-03	-4.912521e+00	3.130944e+01	2.026666e+00	-1.735386e-02	2.457865e-03	4.745840e-03	1.975734e-02	-6.146614e-04	-3.485302e-04	1.613532e-04	1.150758e-03	-1.292001e-03	-1.400391e-03	-2.615940e-03	-7.368971e-03	-8.922390e-03	-1.018587e-02	-1.038247e-02	-1.057373e-02	-7.917269e-03	-6.996607e-03	-4.008363e-04	
6.434255e-01	-3.048446e-01	-1.107045e-03	2.462887e+00	3.377071e+01	9.472718e-01	-4.287478e-02	2.059837e-03	-8.241751e-04	2.289425e-02	-1.179582e-03	-4.358004e-04	1.371203e-04	1.150758e-03	-1.224031e-03	-1.328475e-03	-2.497525e-03	-7.134804e-03	-8.688432e-03	-9.971407e-03	-1.017309e-02	-1.036995e-02	-8.153628e-03	-7.232091e-03	-4.008363e-04	
5.540861e-01	-2.869769e-01	-1.037135e-03	1.223355e+01	2.448111e+01	5.321276e+00	5.403300e-03	1.178882e-02	-1.226182e-02	3.853077e-02	-2.187315e-04	-3.869984e-04	-6.691385e-06	1.150758e-03	-1.159864e-03	-1.260505e-03	-2.384254e-03	-6.902357e-03	-8.453027e-03	-9.752384e-03	-9.958619e-03	-1.016057e-02	-8.389033e-03	-7.468467e-03	-4.008363e-04	
2.156000e-01	-2.638880e-01	-1.002355e-03	4.872844e+00	1.857738e+01	7.011606e+00	-4.460895e-02	1.390135e-02	5.604728e-03	2.128835e-02	-1.250842e-04	-3.766311e-04	1.003940e-05	1.150758e-03	-1.099358e-03	-1.196338e-03	-2.276037e-03	-6.672016e-03	-8.216669e-03	-9.529330e-03	-9.739596e-03	-9.946101e-03	-8.622990e-03	-7.705297e-03	-5.396874e-04	
6.346948e-02	-2.451124e-01	-9.841522e-04	-2.276995e+00	1.668494e+01	6.678372e+00	-2.132251e-02	1.819502e-02	7.064351e-03	4.091764e-02	-5.443406e-04	-5.494126e-04	-1.602495e-04	1.150758e-03	-1.042369e-03	-1.135831e-03	-2.172775e-03	-6.444147e-03	-7.979840e-03	-9.302770e-03	-9.516542e-03	-9.727078e-03	-8.854996e-03	-7.942126e-03	-5.532600e-04	
2.903054e-01	-2.330149e-01	-9.737198e-04	1.444972e+01	9.676530e+00	1.332581e+00	4.846524e-02	2.353106e-02	-4.365952e-02	2.052809e-02	3.525461e-04	-3.198197e-04	-4.303926e-05	1.150758e-03	-9.887565e-04	-1.078843e-03	-2.074361e-03	-6.219095e-03	-7.743009e-03	-9.073228e-03	-9.289983e-03	-9.504023e-03	-9.084538e-03	-8.178485e-03	-5.679960e-04	
5.240221e-01	-2.263498e-01	-9.669578e-04	2.768196e+01	1.713744e+01	4.847457e-01	1.263522e-02	1.750214e-02	3.377492e-03	1.992455e-02	-5.538050e-04	-3.147638e-04	-5.458381e-05	1.150758e-03	-9.383769e-04	-1.025230e-03	-1.980681e-03	-5.997185e-03	-7.506633e-03	-8.841222e-03	-9.060441e-03	-9.277464e-03	-9.311098e-03	-8.413890e-03	-5.839777e-04	
3.836932e-01	-2.230466e-01	-9.615086e-04	2.339026e+01	2.429193e+01	7.938972e-01	-5.719721e-02	1.714482e-02	6.578383e-03	1.129821e-02	-2.802138e-04	-4.081464e-04	-5.426245e-05	1.150758e-03	-8.910896e-04	-9.748508e-04	-1.891615e-03	-5.778719e-03	-7.271150e-03	-8.607265e-03	-8.828434e-03	-9.047922e-03	-9.534152e-03	-8.647847e-03	-6.012914e-04	
7.705031e-02	-2.213728e-01	-9.571997e-04	1.264449e+01	2.061936e+01	4.788242e+00	-1.501481e-02	1.221498e-02	-1.879011e-02	2.177437e-02	9.034130e-05	-2.035519e-04	-1.701082e-04	1.150758e-03	-8.467554e-04	-9.275636e-04	-1.807035e-03	-5.563980e-03	-7.036983e-03	-8.371860e-03	-8.594477e-03	-8.815915e-03	-9.753175e-03	-8.879853e-03	-6.200278e-04	
-1.437185e-01	-1.550133e-01	-9.530301e-04	4.527270e+00	7.094563e+00	4.215723e+00	-3.050453e-02	1.652122e-02	1.336952e-02	2.806343e-02	-4.261769e-05	-1.912574e-04	-4.676468e-05	1.150758e-03	-8.052369e-04	-8.832293e-04	-1.726812e-03	-5.353225e-03	-6.804536e-03	-8.135501e-03	-8.359073e-03	-8.581959e-03	-9.967642e-03	-9.109395e-03	-6.402815e-04	
-2.513397e-01	1.722933e-01	-9.489396e-04	1.496445e+01	2.873574e+01	3.060603e+00	-4.461993e-02	3.411909e-03	1.565618e-02	2.342179e-02	-2.455020e-04	-4.259179e-04	-5.790221e-05	1.150758e-03	-7.663993e-04	-8.417108e-04	-1.650812e-03	-5.146692e-03	-6.574195e-03	-7.898673e-03	-8.122714e-03	-8.346554e-03	-1.017703e-02	-9.335955e-03	-6.621514e-04	
-2.867709e-01	5.011265e-01	-9.448967e-04	2.224240e+01	1.368193e+01	1.823961e+00	5.505818e-03	8.787995e-03	-3.328579e-02	3.705784e-02	1.202342e-04	-2.631070e-04	-8.120629e-05	1.150758e-03	-7.301103e-04	-8.028732e-04	-1.578896e-03	-4.944597e-03	-6.346326e-03	-7.661842e-03	-7.885884e-03	-8.110195e-03	-1.038081e-02	-9.559008e-03	-6.857404e-04	
-2.830539e-01	4.200063e-01	-9.408961e-04	2.451484e+01	1.224364e+01	3.588935e+00	-3.477687e-02	9.925139e-03	-1.304684e-02	2.982604e-02	4.649094e-04	-9.071262e-05	-6.909579e-05	1.150758e-03	-6.962408e-04	-7.665842e-04	-1.510926e-03	-4.747132e-03	-6.121274e-03	-7.425466e-03	-7.649055e-03	-7.873366e-03	-1.057847e-02	-9.778032e-03	-7.111557e-04	
-2.626849e-01	1.236964e-01	-9.369488e-04	1.190360e+01	4.339954e+01	4.133987e+00	1.091253e-02	8.279566e-04	2.190180e-02	2.011689e-02	-2.842504e-04	-2.268878e-04	-7.531217e-05	1.150758e-03	-6.646649e-04	-7.327148e-04	-1.446758e-03	-4.554469e-03	-5.899364e-03	-7.189983e-03	-7.412678e-03	-7.636536e-03	-1.076951e-02	-9.992498e-03	-7.385082e-04	
-2.404910e-01	-5.300990e-02	-9.330718e-04	-2.939775e+00	5.714529e+01	5.437385e+00	-1.741236e-02	1.779375e-03	-1.279637e-02	2.219509e-02	2.443321e-04	-1.870281e-04	-2.118047e-04	1.150758e-03	-6.352601e-04	-7.011389e-04	-1.386252e-03	-4.366757e-03	-5.680899e-03	-6.955816e-03	-7.177195e-03	-7.400159e-03	-1.095343e-02	-1.020188e-02	-7.679130e-04	
-2.236078e-01	1.384281e-01	-9.292810e-04	-4.206036e+00	5.764651e+01	1.707919e+00	-5.366657e-02	5.068311e-03	-1.548707e-02	1.965318e-02	5.170090e-04	3.961720e-05	-1.394213e-04	1.150758e-03	-6.079076e-04	-6.717341e-04	-1.329264e-03	-4.184126e-03	-5.466159e-03	-6.723369e-03	-6.943028e-03	-7.164676e-03	-1.112974e-02	-1.040566e-02	-7.994888e-04	
-2.132742e-01	4.809419e-01	-9.257873e-04	-3.216110e+00	3.218930e+01	-8.605260e-02	-3.082277e-02	1.378756e-03	5.856999e-03	2.424440e-02	1.524327e-04	-9.820486e-05	-1.734577e-04	1.150758e-03	-5.824924e-04	-6.443816e-04	-1.275651e-03	-4.006684e-03	-5.255404e-03	-6.493028e-03	-6.710581e-03	-6.930509e-03	-1.129797e-02	-1.060333e-02	-8.333583e-04	
-2.079230e-01	5.535730e-01	-9.234357e-04	-1.765153e+00	1.992455e+01	-2.565592e+00	-5.815672e-02	1.970307e-03	9.406614e-03	2.259167e-02	4.862954e-04	-2.419645e-04	-1.783806e-04	1.150758e-03	-5.589033e-04	-6.189663e-04	-1.225272e-03	-3.834519e-03	-5.048872e-03	-6.265159e-03	-6.480240e-03	-6.698062e-03	-1.145767e-02	-1.079437e-02	-8.696473e-04	
-2.055038e-01	2.742570e-01	-9.215003e-04	2.250237e+00	3.311173e+01	-1.576551e+00	-4.316051e-02	-6.973030e-04	-1.060509e-02	2.811476e-02	5.001355e-04	5.921843e-05	-2.632430e-04	1.150758e-03	-5.370334e-04	-5.953773e-04	-1.177984e-03	-3.667701e-03	-4.846776e-03	-6.040107e-03	-6.252371e-03	-6.467722e-03	-1.160841e-02	-1.097829e-02	-9.084849e-04	
-1.996117e-01	-2.957850e-02	-9.192764e-04	4.151186e+00	3.843442e+01	2.132610e+00	-3.229373e-02	-1.618450e-03	-3.208430e-02	1.835947e-02	8.855911e-04	7.307572e-05	-3.934267e-04	1.150758e-03	-5.167797e-04	-5.735074e-04	-1.133650e-03	-3.506279e-03	-4.649311e-03	-5.818197e-03	-6.027319e-03	-6.239852e-03	-1.174976e-02	-1.115460e-02	-9.500034e-04	
-3.737323e-02	-2.109776e-01	-9.167787e-04	-3.482820e+00	2.566438e+01	4.868491e+00	1.995964e-02	-4.482842e-04	1.768513e-02	3.142336e-02	2.968517e-04	-7.003127e-05	-2.657624e-04	1.150758e-03	-4.980433e-04	-5.532537e-04	-1.092132e-03	-3.350286e-03	-4.456648e-03	-5.599731e-03	-5.805409e-03	-6.014801e-03	-1.188133e-02	-1.132283e-02	-9.943377e-04	
3.558704e-01	-2.895803e-01	-9.083377e-04	5.415927e+00	2.801311e+01	-2.411341e+00	3.005900e-02	1.309765e-02	-4.998326e-02	5.474263e-02	3.589551e-04	6.769389e-05	-3.989677e-04	1.150758e-03	-4.807296e-04	-5.345173e-04	-1.053294e-03	-3.199737e-03	-4.268936e-03	-5.384991e-03	-5.586944e-03	-5.792890e-03	-1.200277e-02	-1.148253e-02	-1.041625e-03	
6.533911e-01	-3.070114e-01	2.894994e-03	1.173033e+01	2.362140e+01	2.008529e+00	1.079251e-01	7.081161e-03	3.146465e-02	1.681083e-02	-8.428562e-04	4.655223e-06	-2.519991e-04	1.150758e-03	-4.647479e-04	-5.172035e-04	-1.017005e-03	-3.054632e-03	-4.086305e-03	-5.174237e-03	-5.372204e-03	-5.574425e-03	-1.211371e-02	-1.163326e-02	-1.092005e-03	
5.299445e-01	-2.933320e-01	9.280843e-03	5.140907e+01	3.675521e+01	1.164454e+01	-2.776002e-03	6.272870e-03	-5.009774e-03	1.705219e-02	7.489468e-05	4.746953e-05	-1.877211e-04	1.150758e-03	-4.500120e-04	-5.012219e-04	-9.831356e-04	-2.914953e-03	-3.908863e-03	-4.967704e-03	-5.161449e-03	-5.359685e-03	-1.221386e-02	-1.177462e-02	-1.145617e-03	
1.848478e-01	-2.694406e-01	7.899728e-03	4.320704e+01	3.988861e+01	1.749267e+01	-6.528545e-02	3.185994e-03	-6.326502e-03	1.370586e-02	8.961168e-05	1.947153e-04	-4.077520e-04	1.150758e-03	-4.364394e-04	-4.864859e-04	-9.515597e-04	-2.780670e-03	-3.736699e-03	-4.765609e-03	-4.954916e-03	-5.148930e-03	-1.230291e-02	-1.190619e-02	-1.202605e-03	
-8.601196e-02	-2.447405e-01	3.571672e-03	-8.364742e+00	-3.842279e+00	9.429888e+00	-2.926014e-02	-1.557856e-03	3.766818e-02	9.510378e-03	9.549048e-05	6.280692e-05	-4.107043e-04	1.150758e-03	-2.975882e-04	-4.729134e-04	-9.221549e-04	-2.651737e-03	-3.569880e-03	-4.568144e-03	-4.752821e-03	-4.942398e-03	-1.238062e-02	-1.202762e-02	-1.263112e-03	
-2.290894e-01	-8.842419e-02	4.713760e-04	-1.470586e+01	-3.167527e+01	-4.531386e+00	-3.446014e-02	-3.818179e-03	1.138961e-02	1.219837e-02	-1.909541e-04	4.815811e-06	-2.880646e-04	1.150758e-03	-2.975882e-04	-3.340622e-04	-8.948024e-04	-2.528098e-03	-3.408458e-03	-4.375481e-03	-4.555356e-03	-4.740303e-03	-1.244676e-02	-1.213857e-02	-1.327279e-03	
-2.838877e-01	3.050469e-01	-1.118255e-03	-1.014012e+01	-4.947477e+01	-9.729827e+00	-2.390942e-02	-1.623293e-03	-1.197531e-02	-6.157485e-03	1.067751e-04	1.060571e-04	-2.127816e-04	1.150758e-03	-2.975882e-04	-3.340622e-04	-8.693872e-04	-2.409683e-03	-3.252465e-03	-4.187769e-03	-4.362693e-03	-4.542837e-03	-1.250114e-02	-1.223871e-02	-1.395250e-03	
-2.886601e-01	5.861310e-01	-1.747744e-03	4.815066e+00	-5.102574e+01	-6.637234e+00	-3.585628e-02	4.738808e-03	-2.638255e-02	1.750527e-02	1.343479e-05	2.244016e-04	-2.117920e-04	1.150758e-03	-2.975882e-04	-3.340622e-04	-8.457982e-04	-2.296412e-03	-3.101917e-03	-4.005138e-03	-4.174981e-03	-4.350174e-03	-1.254360e-02	-1.232777e-02	-1.467165e-03	
-2.706707e-01	4.366326e-01	-1.815643e-03	1.731797e+01	-2.164151e+01	-3.341603e-01	1.656522e-01	1.110696e-02	5.674493e-02	-7.551661e-02	8.252339e-04	-1.889556e-04	1.471897e-06	1.150758e-03	-2.975882e-04	-3.340622e-04	-8.239283e-04	-2.188196e-03	-2.956811e-03	-3.827696e-03	-3.992350e-03	-4.162463e-03	-1.257402e-02	-1.240548e-02	-1.543166e-03	
-2.481179e-01	1.240964e-01	-1.614215e-03	8.721868e+00	2.159864e+00	1.676199e+01	1.249465e-01	-9.141345e-03	-3.668934e-03	-8.544187e-02	-1.218247e-03	1.702547e-04	1.208743e-04	1.150758e-03	-2.975882e-04	-3.340622e-04	-8.036745e-04	-2.084934e-03	-2.817132e-03	-3.655531e-03	-3.814908e-03	-3.979832e-03	-1.259231e-02	-1.247162e-02	-1.623388e-03	
-2.301209e-01	8.539203e-02	-1.355857e-03	1.415285e+01	1.941923e+01	1.446391e+01	8.842980e-02	-9.365638e-03	-4.589307e-02	-3.796089e-02	-2.105588e-04	8.649783e-04	2.314665e-04	1.150758e-03	-2.975882e-04	-3.340622e-04	-7.849381e-04	-1.986520e-03	-2.682849e-03	-3.488713e-03	-3.642743e-03	-3.802389e-03	9.874016e-01	-1.252600e-02	-1.707968e-03	
-2.187917e-01	3.653689e-01	-1.149816e-03	1.324124e+01	5.001659e+01	7.855227e+00	9.334428e-02	-2.190704e-03	6.511278e-02	-4.622812e-02	-8.471110e-04	4.011988e-04	2.401185e-04	1.150758e-03	-2.975882e-04	-3.340622e-04	-7.676243e-04	-1.892840e-03	-2.553917e-03	-3.327291e-03	-3.475925e-03	-3.630225e-03	-1.259231e-02	-1.256846e-02	-1.797035e-03	
-2.128004e-01	5.199541e-01	-1.020673e-03	8.200220e+00	6.006155e+01	6.012853e+00	8.196147e-02	-9.882556e-03	1.328102e-03	5.086415e-03	2.500928e-05	5.607076e-04	2.391005e-04	1.150758e-03	-2.975882e-04	-3.340622e-04	-7.516427e-04	-1.803773e-03	-2.430278e-03	-3.171298e-03	-3.314503e-03	-3.463406e-03	-1.257402e-02	-1.259888e-02	-1.890715e-03	
-2.100909e-01	3.014468e-01	-9.521591e-04	-1.504862e+01	4.540116e+01	-2.968115e+00	-3.057728e-02	1.545354e-04	6.596250e-03	2.756138e-02	-1.506615e-04	5.740640e-04	4.824758e-04	1.150758e-03	-2.975882e-04	-3.340622e-04	-7.369068e-04	-1.719194e-03	-2.311863e-03	-3.020749e-03	-3.158510e-03	-3.301984e-03	-1.254360e-02	-1.261716e-02	-1.989128e-03	
-2.090543e-01	1.357363e-03	-9.203386e-04	-2.788108e+01	3.207520e+01	-1.185167e+01	3.376964e-02	-2.373718e-03	-1.552657e-03	5.894172e-02	-1.673611e-03	6.494519e-04	5.597810e-04	1.150758e-03	-2.975882e-04	-3.340622e-04	-7.233342e-04	-1.638971e-03	-2.198592e-03	-2.875644e-03	-3.007962e-03	-3.145991e-03	-1.250114e-02	9.873767e-01	-2.092390e-03	
-1.803318e-01	-1.895022e-01	-9.067390e-04	-2.588635e+01	4.160051e+00	-1.607118e+01	2.324027e-02	-8.502612e-03	-4.645911e-02	5.253908e-02	-7.699598e-04	5.596703e-04	4.202003e-04	1.150758e-03	-2.975882e-04	-3.340622e-04	-5.844830e-04	-1.562971e-03	-2.090375e-03	-2.735965e-03	-2.862856e-03	-2.995443e-03	-1.244676e-02	-1.261716e-02	-2.200607e-03	
8.236369e-02	-2.755978e-01	-9.010332e-04	-2.119504e+01	-3.221556e+01	-1.372237e+01	2.519326e-02	-1.126763e-02	-1.525808e-02	3.430685e-02	-2.604761e-04	8.228823e-05	1.433292e-04	1.150758e-03	-2.975882e-04	-3.340622e-04	-5.844830e-04	-1.491055e-03	-1.987113e-03	-2.601682e-03	-2.723177e-03	-2.850338e-03	-1.238062e-02	-1.259888e-02	-2.313878e-03	
4.605683e-01	-2.985961e-01	-8.995555e-04	-2.041305e+00	1.586133e+00	-9.868361e+00	-5.129709e-02	-1.178308e-02	-1.574452e-03	4.258485e-02	-2.283919e-04	1.963690e-04	3.600160e-04	1.150758e-03	-2.975882e-04	-3.340622e-04	-5.844830e-04	-1.423084e-03	-1.888699e-03	-2.472749e-03	-2.588894e-03	-2.710659e-03	-1.230291e-02	-1.256846e-02	-2.432293e-03	
4.862557e-01	-2.885810e-01	-9.009432e-04	1.429431e+01	8.335631e+00	-2.339494e-01	-1.617347e-02	-1.206193e-02	-3.708435e-02	4.181454e-02	3.329765e-04	3.345667e-04	2.525080e-04	1.150758e-03	-2.975882e-04	-3.340622e-04	-5.844830e-04	-1.358917e-03	-1.795019e-03	-2.349110e-03	-2.459962e-03	-2.576375e-03	-1.221386e-02	-1.252600e-02	-2.555932e-03	
2.088463e-01	-2.662157e-01	-9.041403e-04	1.297437e+01	7.616559e+00	4.281869e+00	1.340476e-02	-4.780130e-03	1.143451e-02	2.378869e-02	-3.546289e-05	1.305243e-04	2.557261e-04	1.150758e-03	-2.975882e-04	-3.340622e-04	-5.844830e-04	-1.298411e-03	-1.705953e-03	-2.230695e-03	-2.336323e-03	-2.447443e-03	-1.211371e-02	-1.247162e-02	-2.684864e-03	
5.682841e-02	-2.444404e-01	-9.065988e-04	2.386007e+00	2.507400e+01	8.658374e-01	-4.864158e-02	-1.262630e-02	5.385680e-03	3.211198e-02	2.211710e-04	2.370040e-04	1.758674e-04	1.150758e-03	-2.975882e-04	-3.340622e-04	-5.844830e-04	-1.241423e-03	-1.621373e-03	-2.117425e-03	-2.217908e-03	-2.323804e-03	-1.200277e-02	-1.240548e-02	-2.819147e-03	
2.742105e-01	-2.286838e-01	-9.084056e-04	2.591504e+00	7.547890e+00	-3.877682e+00	-5.968426e-02	-1.292931e-02	5.042278e-03	4.234001e-02	1.861414e-04	6.266736e-04	1.891309e-04	1.150758e-03	-2.975882e-04	-3.340622e-04	-5.844830e-04	-1.187810e-03	-1.541150e-03	-2.009208e-03	-2.104637e-03	-2.205389e-03	-1.188133e-02	-1.232777e-02	-2.958826e-03	
5.263227e-01	-2.192208e-01	-9.106610e-04	-1.569057e+00	-3.187593e+01	-8.693814e+00	6.098526e-04	-8.279041e-03	3.418377e-02	2.515440e-02	-1.065795e-04	1.366476e-04	1.854045e-04	1.150758e-03	-2.975882e-04	-3.340622e-04	-5.844830e-04	-1.137430e-03	-1.465150e-03	-1.905946e-03	-1.996420e-03	-2.092118e-03	-1.174976e-02	-1.223871e-02	-3.103932e-03	
4.083652e-01	-2.142085e-01	-9.136020e-04	-4.721530e+00	-2.609987e+01	-9.400002e+00	1.997676e-03	-5.567676e-03	5.902273e-03	3.963282e-02	-5.145327e-04	4.291273e-04	4.543789e-04	1.150758e-03	-2.975882e-04	-3.340622e-04	-5.844830e-04	-1.090143e-03	-1.393234e-03	-1.807532e-03	-1.893158e-03	-1.983901e-03	-1.160841e-02	-1.213857e-02	-3.254480e-03	
9.695026e-02	-2.116851e-01	-9.170583e-04	-9.625723e+00	-4.998743e+01	-9.782978e+00	2.803018e-02	-7.246366e-04	-3.757504e-02	4.388165e-02	3.781325e-04	2.781080e-04	1.791919e-04	1.150758e-03	-2.975882e-04	-3.340622e-04	-5.844830e-04	-1.045809e-03	-1.325264e-03	-1.713852e-03	-1.794744e-03	-1.880639e-03	-1.145767e-02	-1.202762e-02	-3.410473e-03	
-1.372535e-01	-2.046008e-01	-9.208765e-04	-2.362265e+01	-5.892379e+01	-8.208076e+00	-1.671010e-02	-7.327999e-03	1.343843e-02	3.638473e-02	3.216118e-04	3.559780e-04	2.525338e-04	1.150758e-03	-2.975882e-04	-3.340622e-04	-5.844830e-04	-1.004290e-03	-1.261097e-03	-1.624785e-03	-1.701064e-03	-1.782226e-03	-1.129797e-02	-1.190619e-02	-3.571895e-03	
-2.546558e-01	-3.485141e-02	-9.249612e-04	-2.497795e+01	-5.341169e+01	-4.347517e+00	-1.574578e-02	-5.634515e-03	-2.546174e-02	4.950627e-02	2.790988e-04	1.827869e-04	4.472565e-04	1.150758e-03	-2.975882e-04	-3.340622e-04	-5.844830e-04	-9.654527e-04	-1.200590e-03	-1.540206e-03	-1.611998e-03	-1.688546e-03	-1.112974e-02	-1.177462e-02	-3.738714e-03	
-2.956804e-01	3.612187e-01	-9.292511e-04	-1.003803e+01	-5.226287e+01	-4.058201e+00	-3.721937e-02	2.041081e-03	-5.020932e-02	3.938153e-02	4.485314e-04	2.703839e-04	4.450559e-04	1.150758e-03	-2.975882e-04	-3.340622e-04	-5.844830e-04	-9.291638e-04	-1.143602e-03	-1.459983e-03	-1.527418e-03	-1.599479e-03	-1.095343e-02	-1.163326e-02	-3.910878e-03	
-2.948649e-01	6.514633e-01	-9.339299e-04	-7.053391e+00	-4.284929e+01	-3.211537e+00	5.783133e-03	-7.612261e-03	-1.641429e-02	3.783868e-02	-3.724943e-04	5.145628e-04	4.429757e-04	1.150758e-03	-2.975882e-04	-3.340622e-04	-5.844830e-04	-8.949017e-04	-1.089373e-03	-1.383118e-03	-1.446285e-03	-1.513941e-03	-1.076843e-02	-1.148198e-02	-4.091300e-03	
-2.755978e-01	5.184200e-01	-9.387902e-04	1.097965e+01	3.065341e+00	1.042234e+01	1.578085e-01	-1.989449e-02	5.242703e-03	-6.664152e-02	1.079514e-03	3.202849e-05	1.729505e-04	1.150758e-03	-2.975882e-04	-3.340622e-04	-5.844830e-04	-8.629535e-04	-1.038400e-03	-1.310356e-03	-1.369390e-03	-1.432775e-03	-1.057597e-02	-1.132141e-02	-4.277383e-03	
-2.534561e-01	1.731685e-01	-9.438419e-04	8.234435e+00	2.124377e+01	6.675650e+00	-2.234463e-02	-1.597065e-02	1.215026e-03	-4.811747e-02	5.893287e-04	-2.134998e-04	8.143187e-05	1.150758e-03	-2.975882e-04	-3.340622e-04	-5.844830e-04	-8.331966e-04	-9.905413e-04	-1.241560e-03	-1.296600e-03	-1.355850e-03	-1.037653e-02	-1.115194e-02	-4.469067e-03	
-1.916665e-01	-9.384047e-02	-9.490943e-04	2.553912e-01	1.450535e-02	3.580779e-01	-9.649548e-03	-1.635839e-02	2.049896e-02	-2.797633e-02	2.403663e-05	-1.402170e-04	-1.364106e-04	1.150758e-03	-2.975882e-04	-3.340622e-04	-5.844830e-04	-8.055125e-04	-9.456596e-04	-1.176589e-03	-1.227776e-03	-1.283030e-03	-1.017061e-02	-1.097402e-02	-4.666272e-03	
1.154896e-01	-2.335812e-01	-9.511337e-04	-7.852606e+00	-1.742442e+00	-3.589010e+00	2.497345e-02	-6.358106e-03	7.349540e-02	-7.824751e-03	2.872196e-04	-3.341985e-04	-3.110559e-04	1.150758e-03	-2.975882e-04	-3.340622e-04	-5.844830e-04	-7.797863e-04	-9.036182e-04	-1.115303e-03	-1.162780e-03	-1.214178e-03	-9.958689e-03	-1.078810e-02	-4.868901e-03	
4.790899e-01	-2.860856e-01	2.649501e-03	-1.182790e+01	-2.952692e+01	-4.910980e+00	-2.090076e-03	-8.470877e-03	2.331141e-02	-2.082179e-03	5.677926e-04	-4.186971e-04	-6.081253e-05	1.150758e-03	-2.975882e-04	-3.340622e-04	-5.844830e-04	-7.559068e-04	-8.642832e-04	-1.057562e-03	-1.101470e-03	-1.149154e-03	-9.741280e-03	-1.059462e-02	-5.076838e-03	
4.523090e-01	-2.892996e-01	9.158047e-03	2.208136e+01	-4.038838e+00	1.721956e+00	-2.504174e-02	-5.375974e-03	-5.901829e-03	-2.100034e-02	5.058855e-04	-2.749342e-04	5.533488e-05	1.150758e-03	-2.975882e-04	-3.340622e-04	-5.844830e-04	-7.337671e-04	-8.275229e-04	-1.003225e-03	-1.043706e-03	-1.087819e-03	-9.518890e-03	-1.039406e-02	-5.289947e-03	
1.632299e-01	-2.702934e-01	7.934210e-03	1.724083e+01	1.405548e+01	3.583568e+00	2.899766e-02	-4.340357e-03	3.478730e-02	-4.788814e-02	1.360533e-03	-4.271694e-04	5.054278e-05	1.150758e-03	-2.975882e-04	-3.340622e-04	-5.844830e-04	-7.132639e-04	-7.932089e-04	-9.521495e-04	-9.893477e-04	-1.030032e-03	-9.292027e-03	-1.018691e-02	-5.508071e-03	
-8.413268e-02	-2.451081e-01	3.598116e-03	-7.040000e+00	-7.479513e+00	1.893415e+00	5.842254e-03	2.213478e-03	6.136301e-03	-3.582036e-02	4.280647e-04	-4.574135e-04	4.229027e-05	1.150758e-03	-2.975882e-04	-3.340622e-04	-5.844830e-04	-6.942983e-04	-7.612156e-04	-9.041981e-04	-9.382536e-04	-9.756516e-04	-9.061203e-03	-9.973666e-03	-5.731037e-03	
-2.205230e-01	-9.879843e-02	4.468732e-04	-2.077321e+01	-4.618726e+01	-4.357173e+00	-4.076773e-02	1.815042e-03	-8.966281e-03	-2.161965e-02	5.513997e-04	-5.501810e-04	2.311610e-04	1.150758e-03	-2.975882e-04	-3.340622e-04	-5.844830e-04	-6.767755e-04	-7.314210e-04	-8.592321e-04	-8.902848e-04	-9.245377e-04	-8.826929e-03	-9.754819e-03	-5.958648e-03	
-2.773066e-01	2.891481e-01	-1.181672e-03	-1.000142e+01	-5.597560e+01	-6.531879e+00	-3.418597e-02	1.401142e-03	-3.297748e-02	-9.575721e-03	6.141448e-04	-1.737030e-04	2.302023e-04	1.150758e-03	-2.975882e-04	-3.340622e-04	-5.844830e-04	-6.606045e-04	-7.037067e-04	-8.171158e-04	-8.453036e-04	-8.765513e-04	-8.589713e-03	-9.530878e-03	-6.190687e-03	
-2.874463e-01	5.314925e-01	-1.837672e-03	-3.551296e-01	-3.478928e+01	-6.528837e+00	1.223501e-02	9.611027e-04	1.293540e-02	-5.040350e-02	8.896071e-04	-9.066756e-05	2.293594e-04	1.150758e-03	-2.975882e-04	-3.340622e-04	-5.844830e-04	-6.456987e-04	-6.779577e-04	-7.777152e-04	-8.031740e-04	-8.315545e-04	-8.350058e-03	-9.302351e-03	-6.426917e-03	
-2.746869e-01	3.559702e-01	-1.923749e-03	-3.446950e+00	-2.841901e+01	-3.756908e+00	1.887409e-02	-8.706825e-03	7.488875e-03	-1.491551e-02	-2.370459e-04	-7.228542e-05	2.979506e-04	1.150758e-03	-2.975882e-04	-3.340622e-04	-5.844830e-04	-6.319753e-04	-6.540630e-04	-7.408992e-04	-7.637621e-04	-7.894115e-04	-8.108460e-03	-9.069748e-03	-6.667081e-03	
-2.557867e-01	6.181266e-02	-1.733972e-03	-4.010983e+00	-2.544710e+01	-3.443158e-01	-4.977377e-03	4.361885e-05	-1.956808e-02	-1.329489e-02	6.577323e-04	-5.408430e-05	2.280638e-04	1.150758e-03	-2.975882e-04	-3.340622e-04	-5.844830e-04	-4.966417e-04	-6.319155e-04	-7.065393e-04	-7.269370e-04	-7.499885e-04	-7.865410e-03	-8.833580e-03	-6.910900e-03	
-2.114303e-01	-1.391873e-01	-1.483097e-03	-1.969843e+01	-2.390312e+01	1.459816e+00	4.092586e-02	-1.270746e-02	3.232770e-02	-1.030792e-02	-3.284851e-04	-3.359709e-04	2.275581e-04	1.150758e-03	-2.975882e-04	-3.340622e-04	-5.844830e-04	-4.966417e-04	-6.114123e-04	-6.745103e-04	-6.925702e-04	-7.131544e-04	-7.621388e-03	-8.594352e-03	-7.158074e-03	
6.167021e-02	-2.384539e-01	-1.282910e-03	-1.487018e+01	-1.769275e+01	-1.042702e+00	-3.237018e-02	-9.381896e-03	5.201967e-03	-5.961800e-03	-6.547522e-05	-3.622050e-04	6.903055e-05	1.150758e-03	-2.975882e-04	-3.340622e-04	-5.844830e-04	-4.966417e-04	-5.924541e-04	-6.446903e-04	-6.605364e-04	-6.787810e-04	-7.376863e-03	-8.352568e-03	-7.408283e-03	
4.725791e-01	-2.726355e-01	-1.159577e-03	-5.947703e+00	-1.299665e+01	-5.018888e+00	-3.667497e-02	-6.748077e-03	2.467984e-03	-1.109712e-02	-4.456621e-04	-4.994117e-07	2.268647e-04	1.150758e-03	-2.975882e-04	-3.340622e-04	-5.844830e-04	-4.966417e-04	-5.749461e-04	-6.169607e-04	-6.307137e-04	-6.467429e-04	-7.132293e-03	-8.108729e-03	-7.661186e-03	
6.426020e-01	-2.706079e-01	-1.097350e-03	-1.025648e+01	-2.416148e+01	-5.201265e+00	-1.735243e-02	-1.211313e-02	4.335628e-02	-1.542852e-02	-3.752972e-04	-3.925114e-04	2.266925e-04	1.150758e-03	-2.975882e-04	-3.340622e-04	-5.844830e-04	-4.966417e-04	-5.587970e-04	-5.912066e-04	-6.029835e-04	-6.169182e-04	-6.888124e-03	-7.863322e-03	-7.916421e-03	
3.978913e-01	-2.533345e-01	-1.072238e-03	-6.299600e+00	-1.880201e+01	-7.638300e+00	6.576420e-03	-8.281256e-03	-1.339199e-02	-1.398347e-02	-1.291486e-05	-5.126985e-04	3.317670e-05	1.150758e-03	-2.975882e-04	-3.340622e-04	-5.844830e-04	-4.966417e-04	-5.439202e-04	-5.673171e-04	-5.772310e-04	-5.891883e-04	-6.644786e-03	-7.616832e-03	-8.173607e-03	
5.928960e-02	-2.345333e-01	-1.066134e-03	-1.343506e+01	-1.962590e+01	-3.875267e-01	-2.080577e-02	-3.031954e-03	1.230163e-02	-2.508978e-02	3.554852e-04	-3.584570e-04	-2.159809e-05	1.150758e-03	-2.975882e-04	-3.340622e-04	-5.844830e-04	-4.966417e-04	-5.302326e-04	-5.451848e-04	-5.533452e-04	-5.634383e-04	-6.402695e-03	-7.369733e-03	-8.432344e-03	
-1.643876e-01	-1.971193e-01	-1.068629e-03	-1.806194e+01	-2.424166e+01	1.634700e+00	-1.768810e-02	-1.413719e-02	4.010086e-02	-2.545094e-02	-1.447104e-04	-5.008629e-04	9.553177e-06	1.150758e-03	-2.975882e-04	-3.340622e-04	-5.844830e-04	-4.966417e-04	-3.988211e-04	-5.247064e-04	-5.312186e-04	-5.395572e-04	-6.162251e-03	-7.122484e-03	-8.692211e-03	
-2.713325e-01	6.021076e-02	-1.074668e-03	-1.175840e+01	-1.783469e+01	-1.784024e+00	3.073642e-02	-1.502904e-02	-1.306604e-02	-5.989955e-03	-8.440745e-04	-2.888315e-04	-5.927419e-05	1.150758e-03	-2.975882e-04	-3.340622e-04	-5.844830e-04	-4.966417e-04	-3.988211e-04	-5.057828e-04	-5.107479e-04	-5.174374e-04	-5.923836e-03	-6.875536e-03	-8.952768e-03	
-3.047668e-01	4.655461e-01	-1.081762e-03	-4.927287e+00	-1.167994e+00	1.084553e+00	-4.752421e-02	-1.104028e-02	-1.619432e-02	-8.265475e-03	-2.359748e-04	-2.121709e-04	-7.293303e-05	1.150758e-03	-2.975882e-04	-3.340622e-04	-5.844830e-04	-4.966417e-04	-3.988211e-04	-4.883184e-04	-4.918339e-04	-4.969758e-04	-5.687816e-03	-6.629324e-03	-9.213559e-03	
-2.987704e-01	5.890424e-01	-1.089893e-03	-6.665370e+00	2.098705e+00	1.676847e+00	-2.395584e-02	-1.280012e-02	1.497726e-02	-4.766149e-03	-6.419032e-04	-2.869788e-04	3.468736e-05	1.150758e-03	-2.975882e-04	-3.340622e-04	-5.844830e-04	-4.966417e-04	-3.988211e-04	-4.722220e-04	-4.743810e-04	-4.780727e-04	-5.454538e-03	-6.384270e-03	-9.474109e-03	
-2.774087e-01	3.279375e-01	-1.098066e-03	-2.905196e+00	-8.291966e+00	5.453431e-01	2.034500e-02	-9.130847e-03	-2.890635e-02	2.804514e-02	-1.555572e-04	-1.904046e-04	1.230753e-05	1.150758e-03	-2.975882e-04	-3.340622e-04	-5.844830e-04	-4.966417e-04	-3.988211e-04	-4.574063e-04	-4.582978e-04	-4.606328e-04	-5.224330e-03	-6.140780e-03	-9.733927e-03	
-2.033085e-01	2.178631e-02	-1.106270e-03	-9.119234e+00	8.932516e-01	4.803199e+00	-3.712133e-02	-1.255412e-02	-1.606942e-02	8.581710e-03	4.738940e-05	-3.160370e-04	-2.313027e-05	1.150758e-03	-2.975882e-04	-3.340622e-04	-5.844830e-04	-4.966417e-04	-3.988211e-04	-4.437880e-04	-4.434971e-04	-4.445644e-04	-4.997501e-03	-5.899244e-03	-9.992504e-03	
1.216531e-01	-1.684757e-01	-1.114484e-03	-9.781054e+00	-4.321034e+00	-6.260307e+00	5.347371e-02	-6.946539e-03	1.532766e-02	2.794159e-02	-1.370745e-03	-3.569580e-04	2.294962e-04	1.150758e-03	-2.975882e-04	-3.340622e-04	-5.844830e-04	-4.966417e-04	-3.988211e-04	-3.176538e-04	-4.298953e-04	-4.297803e-04	-4.774342e-03	-5.660034e-03	-1.024932e-02	
4.784660e-01	-2.562109e-01	-1.122126e-03	-6.695419e+00	6.420593e-01	-9.185055e+00	-2.463643e-02	-1.259686e-02	-5.011820e-03	1.334176e-02	-9.083191e-04	-3.593719e-04	1.756649e-04	1.150758e-03	-2.975882e-04	-3.340622e-04	-5.844830e-04	-4.966417e-04	-3.988211e-04	-3.176538e-04	-3.048660e-04	-4.161967e-04	-4.555122e-03	-5.423505e-03	-1.050383e-02	
4.328561e-01	-2.810979e-01	-1.129243e-03	-1.074391e+00	-1.084474e+01	-4.808525e+00	-7.128268e-03	-1.024631e-02	-1.877058e-02	1.214021e-02	1.039007e-04	-2.705723e-04	-6.280584e-05	1.150758e-03	-2.975882e-04	-3.340622e-04	-5.844830e-04	-4.966417e-04	-3.988211e-04	-3.176538e-04	-3.048660e-04	-2.923474e-04	-4.340092e-03	-5.189995e-03	-1.075549e-02	
1.419478e-01	-2.727853e-01	-1.136737e-03	3.888241e+00	3.650252e+00	-3.412174e+00	5.610738e-03	-1.336426e-02	3.204883e-02	-9.727614e-03	-1.937542e-04	-2.579010e-04	7.330642e-05	1.150758e-03	-2.975882e-04	-3.340622e-04	-5.844830e-04	-4.966417e-04	-3.988211e-04	-3.176538e-04	-3.048660e-04	-2.923474e-04	-4.129482e-03	-4.959820e-03	-1.100373e-02	
-5.452899e-02	-2.524182e-01	-1.144752e-03	-4.813628e+00	-1.637713e+01	3.286410e-01	-5.231652e-02	-1.313925e-02	1.611159e-02	1.219939e-03	-3.012727e-04	-2.191464e-04	1.516456e-05	1.150758e-03	-2.975882e-04	-3.340622e-04	-5.844830e-04	-4.966417e-04	-3.988211e-04	-3.176538e-04	-3.048660e-04	-2.923474e-04	-3.923503e-03	-4.733281e-03	-1.124799e-02	
1.110222e-01	-2.328098e-01	-1.153054e-03	4.947682e-01	-4.139091e+00	-1.733946e+00	-2.899556e-02	-1.007925e-02	-9.646102e-03	7.455467e-03	-5.044048e-04	6.553966e-05	3.891669e-05	1.150758e-03	-2.975882e-04	-3.340622e-04	-5.844830e-04	-4.966417e-04	-3.988211e-04	-3.176538e-04	-3.048660e-04	-2.923474e-04	-3.722345e-03	-4.510656e-03	-1.148767e-02	
4.561477e-01	-2.189269e-01	-4.992765e-04	-3.414246e-01	9.050991e+00	-2.320720e+00	-7.004655e-04	-1.072887e-02	2.931577e-02	-7.592290e-03	-1.998420e-04	-1.477218e-04	2.348574e-04	1.150758e-03	-2.975882e-04	-3.340622e-04	-5.844830e-04	-4.966417e-04	-3.988211e-04	-3.176538e-04	-3.048660e-04	-2.923474e-04	-3.526179e-03	-4.292206e-03	-1.172217e-02	
5.604146e-01	-2.108241e-01	6.410845e-03	2.123598e+01	2.737396e+00	6.677270e+00	-8.345698e-03	-1.140969e-02	7.509573e-03	-1.670826e-02	-1.006237e-03	-4.615997e-06	1.314722e-04	1.150758e-03	-2.975882e-04	-3.340622e-04	-5.844830e-04	-4.966417e-04	-3.988211e-04	-3.176538e-04	-3.048660e-04	-2.923474e-04	-3.335158e-03	-4.078171e-03	-1.195091e-02	
2.962325e-01	-2.067599e-01	9.189783e-03	5.174414e+01	4.425424e+01	1.271811e+01	1.147468e-02	-1.206562e-02	-1.461571e-02	-4.472376e-02	-2.044324e-04	-1.311279e-04	2.370759e-04	1.150758e-03	-2.975882e-04	-3.340622e-04	-5.844830e-04	-4.966417e-04	-3.988211e-04	-3.176538e-04	-3.048660e-04	-2.923474e-04	-3.149413e-03	-3.868772e-03	-1.217327e-02	
-1.440074e-02	-1.706474e-01	5.545617e-03	2.996762e+01	4.886957e+01	1.587663e+01	-2.026031e-02	-1.272962e-02	2.778694e-02	-4.470222e-02	-7.056321e-04	-1.439297e-04	2.382347e-04	1.150758e-03	-2.975882e-04	-3.340622e-04	-5.844830e-04	-4.966417e-04	-3.988211e-04	-3.176538e-04	-3.048660e-04	-2.923474e-04	-2.969059e-03	-3.664208e-03	-1.238863e-02	
-2.053338e-01	1.066161e-01	1.591210e-03	1.199362e+01	1.819752e+01	7.108150e+00	-4.643406e-02	-1.340220e-02	3.287474e-02	-5.537541e-02	-8.454640e-04	3.082404e-04	2.394092e-04	1.150758e-03	-2.975882e-04	-3.340622e-04	-5.844830e-04	-4.966417e-04	-3.988211e-04	-3.176538e-04	-3.048660e-04	-2.923474e-04	-2.794191e-03	-3.464662e-03	-1.259638e-02	
-2.901220e-01	5.009043e-01	-7.355705e-04	-5.566526e+00	-1.714738e+01	-6.901612e-01	4.741380e-02	-6.505304e-03	-2.132965e-02	-4.493106e-02	-2.264678e-04	-1.478085e-04	5.365165e-05	1.150758e-03	-2.975882e-04	-3.340622e-04	-5.844830e-04	-4.966417e-04	-3.988211e-04	-3.176538e-04	-3.048660e-04	-2.923474e-04	-2.624887e-03	-3.270295e-03	-1.279590e-02	
-3.109168e-01	5.760200e-01	-1.816385e-03	-2.115040e-01	-2.169508e+01	-3.057420e+00	-2.299305e-02	-1.484292e-02	4.772761e-03	-5.892805e-02	-4.469817e-04	-2.704899e-04	3.908350e-06	1.150758e-03	-2.975882e-04	-3.340622e-04	-5.844830e-04	-4.966417e-04	-3.988211e-04	-3.176538e-04	-3.048660e-04	-2.923474e-04	-2.461206e-03	-3.081249e-03	-1.298657e-02	
-2.987109e-01	2.942366e-01	-2.145905e-03	7.013215e-01	1.654099e+00	-3.204572e+00	-5.786642e-02	-1.285301e-02	1.215934e-03	-5.191800e-02	-2.578927e-04	-1.155872e-04	-6.963638e-06	1.150758e-03	-2.975882e-04	-3.340622e-04	-5.844830e-04	-4.966417e-04	-3.988211e-04	-3.176538e-04	-3.048660e-04	-2.923474e-04	-2.303193e-03	-2.897649e-03	-1.316776e-02	
-2.751145e-01	6.197162e-02	-2.061213e-03	6.529723e+00	-1.054370e+01	-7.694965e+00	-7.187765e-03	-2.966300e-03	-4.133088e-02	-3.076339e-02	-3.055806e-04	-1.176065e-04	-8.305504e-05	1.150758e-03	-2.975882e-04	-3.340622e-04	-5.844830e-04	-4.966417e-04	-3.988211e-04	-3.176538e-04	-3.048660e-04	-2.923474e-04	-2.150874e-03	-2.719598e-03	-1.333886e-02	
-2.530960e-01	2.104409e-01	-1.820085e-03	2.768718e+00	-1.429529e+01	-3.037353e+00	4.284180e-02	5.567541e-03	4.476700e-02	-3.282931e-02	-4.179392e-04	-5.745859e-04	-2.274837e-04	1.150758e-03	-2.975882e-04	-3.340622e-04	-5.844830e-04	-4.966417e-04	-3.988211e-04	-3.176538e-04	-3.048660e-04	-2.923474e-04	-2.004262e-03	-2.547184e-03	-1.349925e-02	
-2.375847e-01	5.157255e-01	-1.586652e-03	2.530221e+00	-2.014503e+01	-7.591783e-01	-9.643738e-03	-7.413141e-03	9.138256e-03	-4.258497e-02	-8.579830e-05	-5.427413e-04	-1.153551e-04	1.150758e-03	-2.975882e-04	-3.340622e-04	-5.844830e-04	-4.966417e-04	-3.988211e-04	-3.176538e-04	-3.048660e-04	-2.923474e-04	-1.863353e-03	-2.380476e-03	-1.364832e-02	
-2.284221e-01	5.503832e-01	-1.424834e-03	3.171516e+00	-1.196047e+01	6.454944e+00	-3.717571e-02	4.114645e-03	-9.495189e-03	-4.521398e-02	-8.248852e-05	-3.102808e-04	-2.831129e-04	1.150758e-03	-2.975882e-04	-3.340622e-04	-5.844830e-04	-4.966417e-04	-3.988211e-04	-3.176538e-04	-3.048660e-04	-2.923474e-04	-1.728129e-03	-2.219526e-03	-1.378547e-02	
-2.236228e-01	2.569869e-01	-1.334345e-03	4.809854e+00	4.300869e+00	5.675499e+00	3.343147e-03	-2.617011e-03	4.885094e-02	-4.767735e-02	-2.627145e-05	-5.973108e-04	-9.671287e-05	1.150758e-03	-2.975882e-04	-3.340622e-04	-5.844830e-04	-4.966417e-04	-3.988211e-04	-3.176538e-04	-3.048660e-04	-2.923474e-04	-1.598559e-03	-2.064369e-03	-1.391010e-02	
-2.212208e-01	-4.074983e-02	-1.292354e-03	-1.192092e+00	7.637253e+00	4.058563e+00	5.772310e-02	-3.806623e-03	4.563199e-03	-3.048664e-02	-8.546843e-04	-1.151779e-05	1.721623e-04	1.150758e-03	-2.975882e-04	-3.340622e-04	-5.844830e-04	-4.966417e-04	-3.988211e-04	-3.176538e-04	-3.048660e-04	-2.923474e-04	-1.474600e-03	-1.915024e-03	-1.402163e-02	
-1.634417e-01	-2.125109e-01	-1.277028e-03	2.239394e+00	2.280929e+01	1.332246e+00	-1.862225e-02	-9.656633e-03	3.412536e-03	-5.226561e-02	-4.112015e-04	-1.559550e-04	-9.658121e-05	1.150758e-03	-2.975882e-04	-3.340622e-04	-5.844830e-04	-4.966417e-04	-3.988211e-04	-3.176538e-04	-3.048660e-04	-2.923474e-04	-1.356196e-03	-1.771496e-03	-1.411949e-02	
1.525273e-01	-2.839623e-01	-1.274292e-03	7.830616e+00	5.362428e+01	-8.167248e+00	-1.418662e-02	1.158528e-03	2.067112e-02	-3.320504e-02	-6.579063e-04	-2.277530e-04	-2.784251e-04	1.150758e-03	-2.975882e-04	-3.340622e-04	-5.844830e-04	-4.966417e-04	-3.988211e-04	-3.176538e-04	-3.048660e-04	-2.923474e-04	-1.243280e-03	-1.633774e-03	-1.420311e-02	
5.278652e-01	-2.971707e-01	1.051774e-03	1.136533e+01	5.496073e+01	-7.966722e+00	-2.942845e-02	-3.754565e-03	6.441601e-03	-1.202552e-02	-4.412505e-04	-2.526963e-04	-1.686232e-04	1.150758e-03	-2.975882e-04	-3.340622e-04	-5.844830e-04	-4.966417e-04	-3.988211e-04	-3.176538e-04	-3.048660e-04	-2.923474e-04	-1.135773e-03	-1.501832e-03	-1.427195e-02	
5.340918e-01	-2.816201e-01	8.210852e-03	2.419023e+01	5.267332e+01	3.855476e+00	1.721353e-01	3.130503e-02	-2.133423e-02	3.775593e-02	-3.678053e-04	1.531275e-03	8.974755e-04	1.150758e-03	-2.975882e-04	-3.340622e-04	-5.844830e-04	-4.966417e-04	-3.988211e-04	-3.176538e-04	-3.048660e-04	-2.923474e-04	-1.033588e-03	-1.375633e-03	-1.432547e-02	
2.312546e-01	-2.574688e-01	8.262174e-03	2.288058e+01	5.307946e+01	1.478465e+01	9.135468e-02	6.280226e-03	2.662417e-02	3.921309e-02	1.779832e-04	7.732217e-04	1.191361e-04	1.150758e-03	-2.975882e-04	-3.340622e-04	-5.844830e-04	-4.966417e-04	-3.988211e-04	-3.176538e-04	-3.048660e-04	-2.923474e-04	-9.366285e-04	-1.255126e-03	9.856368e-01	
4.086066e-02	-2.362839e-01	4.008970e-03	7.221006e+00	1.786026e+01	1.161634e+01	3.266288e-02	1.218379e-02	-1.491922e-02	7.688446e-02	-7.404884e-05	5.501217e-04	-6.642953e-05	1.150758e-03	-2.975882e-04	-3.340622e-04	-5.844830e-04	-4.966417e-04	-3.988211e-04	-3.176538e-04	-3.048660e-04	-2.923474e-04	-8.447902e-04	-1.140249e-03	-1.438456e-02	
2.337127e-01	-2.219846e-01	5.620344e-04	-2.427142e+00	2.589855e-01	4.529295e+00	-1.067557e-02	1.812114e-02	-2.397286e-02	5.071320e-02	3.630139e-04	3.107279e-04	-1.510027e-05	1.150758e-03	-2.975882e-04	-3.340622e-04	-5.844830e-04	-4.966417e-04	-3.988211e-04	-3.176538e-04	-3.048660e-04	-2.923474e-04	-7.579604e-04	-1.030926e-03	-1.438916e-02	
5.032174e-01	-2.139305e-01	-1.290739e-03	-2.081401e+00	2.230907e+00	-7.294372e+00	-4.117591e-02	1.576258e-02	-1.916792e-02	3.215332e-02	3.366741e-04	-1.267085e-04	-1.433909e-05	1.150758e-03	-2.975882e-04	-3.340622e-04	-5.844830e-04	-4.966417e-04	-3.988211e-04	-3.176538e-04	-3.048660e-04	-2.923474e-04	-6.760200e-04	-9.270747e-04	-1.437653e-02	
4.176330e-01	-2.100345e-01	-2.080289e-03	3.157200e+00	-1.387800e+01	-7.720675e+00	6.472590e-02	1.823595e-02	-3.398519e-02	1.010783e-02	2.030461e-03	4.632612e-04	-1.365708e-05	1.150758e-03	-2.975882e-04	-3.340622e-04	-5.844830e-04	-4.966417e-04	-3.988211e-04	-3.176538e-04	-3.048660e-04	-2.923474e-04	-5.988438e-04	-8.286008e-04	-1.434623e-02	
1.123897e-01	-2.084299e-01	-2.239804e-03	3.724016e+00	-1.322501e+01	-4.968324e-01	7.690369e-02	1.578290e-02	3.222757e-02	2.975254e-02	1.345974e-03	-3.891449e-05	-3.316576e-04	1.150758e-03	-2.975882e-04	-3.340622e-04	-5.844830e-04	-4.966417e-04	-3.988211e-04	-3.176538e-04	-3.048660e-04	-2.923474e-04	-5.263014e-04	-7.354017e-04	-1.429787e-02	
-1.278212e-01	-1.703542e-01	-2.076546e-03	-1.121366e+01	-3.721293e+01	-2.492828e+00	1.688144e-02	1.276370e-02	-1.137219e-02	4.518121e-02	7.855192e-04	1.536745e-04	-2.485194e-04	1.150758e-03	-2.975882e-04	-3.340622e-04	-5.844830e-04	-4.966417e-04	-3.988211e-04	-3.176538e-04	-3.048660e-04	-2.923474e-04	-4.582577e-04	-6.473667e-04	-1.423107e-02	
-2.503375e-01	1.130533e-01	-1.821265e-03	-1.174442e+01	-3.895370e+01	-3.716072e+00	1.042277e-03	1.188191e-02	-2.820335e-02	2.525910e-02	1.675396e-03	3.027190e-05	-2.122148e-04	1.150758e-03	-2.975882e-04	-3.340622e-04	-5.844830e-04	-4.966417e-04	-3.988211e-04	-3.176538e-04	-3.048660e-04	-2.923474e-04	-3.945737e-04	-5.643777e-04	-1.414549e-02	
-2.939380e-01	5.046069e-01	-1.603921e-03	-6.319126e+00	-3.871385e+01	-6.987450e+00	4.027820e-02	5.318649e-03	3.647341e-02	2.435294e-02	6.566959e-04	-2.512340e-05	-1.651749e-04	1.150758e-03	-2.975882e-04	-3.340622e-04	-5.844830e-04	-4.966417e-04	-3.988211e-04	-3.176538e-04	-3.048660e-04	-2.923474e-04	-3.351072e-04	-4.863102e-04	-1.404080e-02	
-2.938380e-01	5.679056e-01	-1.462673e-03	2.654949e+00	-3.152580e+01	-8.970159e+00	2.848737e-04	9.222550e-03	-1.338750e-03	4.225196e-02	7.076247e-04	2.771660e-04	-1.163425e-05	1.150758e-03	-2.975882e-04	-3.340622e-04	-5.844830e-04	-4.966417e-04	-3.988211e-04	-3.176538e-04	-3.048660e-04	-2.923474e-04	-2.797131e-04	-4.130336e-04	-1.391673e-02	
-2.739451e-01	2.815749e-01	-1.386121e-03	8.371029e+00	-3.499014e+01	-5.957305e+00	-1.721898e-02	5.504836e-03	-2.020236e-02	2.479248e-02	1.325996e-03	2.692068e-04	-1.154734e-05	1.150758e-03	-2.975882e-04	-3.340622e-04	-5.844830e-04	-4.966417e-04	-3.988211e-04	-3.176538e-04	-3.048660e-04	-2.923474e-04	-2.282445e-04	-3.444124e-04	-1.377301e-02	
-2.386785e-01	-1.396285e-02	-1.350204e-03	4.440548e+00	-1.533326e+01	-3.354100e+00	2.809875e-02	-1.372063e-03	2.438915e-02	4.490865e-02	8.173449e-04	-6.141941e-05	-1.157990e-05	1.150758e-03	-2.975882e-04	-3.340622e-04	-5.844830e-04	-4.966417e-04	-3.988211e-04	-3.176538e-04	-3.048660e-04	-2.923474e-04	-1.805529e-04	-2.803065e-04	-1.360943e-02	
-1.447767e-02	-1.896293e-01	-1.335438e-03	3.107643e+00	-1.325621e+01	4.719559e+00	-3.940705e-02	-3.894846e-03	-2.424999e-03	4.322277e-02	9.111548e-04	-1.142926e-04	-2.207772e-04	1.150758e-03	-2.975882e-04	-3.340622e-04	-5.844830e-04	-4.966417e-04	-3.988211e-04	-3.176538e-04	-3.048660e-04	-2.923474e-04	-1.364891e-04	-2.205720e-04	-1.342577e-02	
3.905133e-01	-2.678230e-01	9.436187e-05	1.426980e+00	-1.415666e+01	3.755647e+00	-4.782059e-02	4.402666e-03	-2.087670e-02	3.379727e-02	9.042366e-04	-1.107093e-04	-2.659372e-04	1.150758e-03	-2.975882e-04	-3.340622e-04	-5.844830e-04	-4.966417e-04	-3.988211e-04	-3.176538e-04	-3.048660e-04	-2.923474e-04	-9.590344e-05	-1.650621e-04	-1.322189e-02	
5.152237e-01	-2.874305e-01	7.391009e-03	3.055949e+01	8.868288e+00	8.939430e+00	8.549455e-03	7.697971e-03	1.421850e-02	2.260904e-02	1.874972e-04	-2.326096e-04	-1.930700e-04	1.150758e-03	-2.975882e-04	-3.340622e-04	-5.844830e-04	-4.966417e-04	-3.988211e-04	-3.176538e-04	-3.048660e-04	-2.923474e-04	-5.864632e-05	-1.136273e-04	-1.299766e-02	
2.722214e-01	-2.769167e-01	8.670467e-03	4.564540e+01	4.901539e+01	1.493571e+01	4.667045e-03	-2.926783e-03	8.591966e-03	-1.737168e-03	8.602962e-04	-4.131784e-04	-1.299650e-05	1.150758e-03	-2.975882e-04	-3.340622e-04	-5.844830e-04	-4.966417e-04	-3.988211e-04	-3.176538e-04	-3.048660e-04	-2.923474e-04	-2.456889e-05	-6.611645e-05	-1.275299e-02	
-4.286331e-03	-2.496969e-01	4.621783e-03	1.262328e+01	1.429846e+01	9.211962e+00	2.485158e-02	6.241864e-03	-2.735528e-02	2.002365e-02	3.974015e-04	-1.782708e-04	1.036062e-04	1.150758e-03	-2.975882e-04	-3.340622e-04	-5.844830e-04	-4.966417e-04	-3.988211e-04	-3.176538e-04	-3.048660e-04	-2.923474e-04	6.476702e-06	-2.237701e-05	-1.248781e-02	
-1.728967e-01	-5.481716e-02	9.347558e-04	-1.126689e+01	-8.184075e+00	-4.240937e+00	-2.069250e-02	-5.436892e-03	6.287747e-03	2.703706e-02	5.190111e-04	-2.239041e-04	4.646702e-05	1.150758e-03	-2.975882e-04	-3.340622e-04	-5.844830e-04	-4.966417e-04	-3.988211e-04	-3.176538e-04	-3.048660e-04	-2.923474e-04	3.463680e-05	1.774424e-05	-1.220212e-02	
-2.496063e-01	3.556565e-01	-1.122378e-03	-1.993424e+01	-1.394048e+01	-1.108493e+01	-3.767598e-02	-1.859615e-04	-1.199381e-02	2.574983e-02	8.486786e-04	-2.742242e-04	-1.553269e-05	1.150758e-03	-2.975882e-04	-3.340622e-04	-5.844830e-04	-4.966417e-04	-3.988211e-04	-3.176538e-04	-3.048660e-04	-2.923474e-04	6.005592e-05	5.440070e-05	-1.189592e-02	
-2.702378e-01	6.447047e-01	-2.034015e-03	-1.822351e+01	-5.186563e+01	-9.680946e+00	-1.964678e-02	3.975539e-03	-3.437190e-02	4.137928e-02	5.177437e-04	-2.047664e-04	-1.667917e-05	1.150758e-03	-2.975882e-04	-3.340622e-04	-5.844830e-04	-4.966417e-04	-3.988211e-04	-3.176538e-04	-3.048660e-04	-2.923474e-04	8.287636e-05	8.774545e-05	-1.156926e-02	
-2.611085e-01	5.048603e-01	-2.262073e-03	-1.738498e+01	-4.282716e+01	-6.576969e+00	2.585630e-02	3.203694e-03	1.657264e-02	2.372489e-02	-1.935476e-04	-1.054624e-04	4.216371e-05	1.150758e-03	-2.975882e-04	-3.340622e-04	-5.844830e-04	-4.966417e-04	-3.988211e-04	-3.176538e-04	-3.048660e-04	-2.923474e-04	1.032379e-04	1.179308e-04	-1.122223e-02	
-2.411820e-01	1.601859e-01	-2.126738e-03	-1.607256e+01	-2.911218e+01	-1.976814e+00	-1.008713e-02	-1.878765e-03	6.105006e-03	1.895098e-02	4.680309e-04	-5.008752e-04	-1.951045e-05	1.150758e-03	-2.975882e-04	-3.340622e-04	-5.844830e-04	-4.966417e-04	-3.988211e-04	-3.176538e-04	-3.048660e-04	-2.923474e-04	1.212774e-04	1.451078e-04	-1.085494e-02	
-2.162174e-01	-1.034126e-01	-1.870677e-03	-2.190016e+01	-5.472070e+01	-3.149405e+00	-2.102454e-02	1.720736e-03	-1.797492e-02	1.244296e-02	7.999871e-04	-2.379537e-04	-2.115911e-05	1.150758e-03	-2.975882e-04	-3.340622e-04	-5.844830e-04	-4.966417e-04	-3.988211e-04	-3.176538e-04	-3.048660e-04	-2.923474e-04	1.371289e-04	1.694258e-04	-1.046756e-02	
-3.319546e-02	-2.407534e-01	-1.639144e-03	-2.564013e+01	-4.205053e+01	4.922582e-01	1.780258e-02	9.837958e-04	3.892724e-02	-7.735108e-03	3.985991e-04	-3.487380e-04	-2.298376e-05	1.150758e-03	-2.975882e-04	-3.340622e-04	-5.844830e-04	-4.966417e-04	-3.988211e-04	-3.176538e-04	-3.048660e-04	-2.923474e-04	1.509228e-04	1.910324e-04	-1.006026e-02	
3.704718e-01	-2.921449e-01	-1.481746e-03	-2.028415e+01	-5.633749e+00	-1.336473e+00	-1.388306e-02	-4.098684e-03	6.279226e-03	1.366672e-02	4.058784e-04	-2.881188e-04	-1.429575e-04	1.150758e-03	-2.975882e-04	-3.340622e-04	-5.844830e-04	-4.966417e-04	-3.988211e-04	-3.176538e-04	-3.048660e-04	-2.923474e-04	1.627862e-04	2.100725e-04	-9.633282e-03	
6.152418e-01	-2.952224e-01	-1.391906e-03	-2.210225e+01	1.405967e+01	-1.169533e+01	9.586926e-03	-4.923546e-04	-3.148524e-02	3.563064e-02	3.313240e-04	3.930172e-05	-2.724562e-05	1.150758e-03	-2.975882e-04	-3.340622e-04	-5.844830e-04	-4.966417e-04	-3.988211e-04	-3.176538e-04	-3.048660e-04	-2.923474e-04	1.728424e-04	2.266884e-04	-9.186869e-03	
4.321164e-01	-2.767934e-01	-1.346048e-03	-1.411954e+01	-3.107665e+00	-1.141872e+01	-2.660701e-02	3.395873e-03	-1.364824e-02	1.797287e-02	5.002280e-04	-1.523476e-04	-2.967429e-05	1.150758e-03	-2.975882e-04	-3.340622e-04	-5.844830e-04	-4.966417e-04	-3.988211e-04	-3.176538e-04	-3.048660e-04	-2.923474e-04	1.812108e-04	2.410196e-04	-8.721315e-03	
1.123959e-01	-2.357072e-01	-1.323679e-03	-1.046749e+01	1.678748e+01	-5.277472e+00	-3.698378e-02	-1.955162e-03	2.108628e-03	4.164498e-03	4.040962e-04	4.567056e-06	-3.235578e-05	1.150758e-03	-2.975882e-04	-3.340622e-04	-5.844830e-04	-4.966417e-04	-3.988211e-04	-3.176538e-04	-3.048660e-04	-2.923474e-04	1.880070e-04	2.532023e-04	-8.236943e-03	
-1.100658e-01	1.613645e-02	-1.312150e-03	-8.062752e+00	3.900676e+00	-4.353643e+00	-1.814790e-02	-2.264271e-04	-1.728030e-02	1.700072e-02	-3.161919e-05	1.001230e-04	-3.527962e-05	1.150758e-03	-2.975882e-04	-3.340622e-04	-5.844830e-04	-4.966417e-04	-3.988211e-04	-3.176538e-04	-3.048660e-04	-2.923474e-04	1.933424e-04	2.633691e-04	-7.734103e-03	
-2.197247e-01	4.153825e-01	-1.305013e-03	1.808195e+00	-4.539743e+00	-3.181453e+00	-1.752353e-02	-9.179684e-03	5.609062e-03	-4.255534e-03	1.335406e-04	4.651833e-05	2.433326e-05	1.150758e-03	-2.975882e-04	-3.340622e-04	-5.844830e-04	-4.966417e-04	-3.988211e-04	-3.176538e-04	-3.048660e-04	-2.923474e-04	-9.942178e-05	2.716490e-04	-7.213180e-03	
-2.563929e-01	4.925622e-01	-1.299384e-03	1.078892e+01	1.588783e+01	-4.189996e+00	-3.231573e-02	-1.070522e-02	3.020902e-02	-4.294018e-03	-1.071334e-04	-1.330249e-04	2.611946e-05	1.150758e-03	-2.975882e-04	-3.340622e-04	-5.844830e-04	-4.966417e-04	-3.988211e-04	-3.176538e-04	-3.048660e-04	-2.923474e-04	-9.942178e-05	2.781672e-04	-6.674585e-03	
-2.525961e-01	2.302947e-01	-1.293954e-03	1.125373e+01	5.358870e+00	-5.310401e+00	2.377769e-02	-4.717142e-03	-9.328025e-03	6.758367e-03	6.072319e-04	-3.346928e-04	2.205872e-05	1.150758e-03	-2.975882e-04	-3.340622e-04	-5.844830e-04	-4.966417e-04	-3.988211e-04	-3.176538e-04	-3.048660e-04	-2.923474e-04	-9.942178e-05	2.830449e-04	-6.118756e-03	
-2.312877e-01	-3.932670e-02	-1.288658e-03	-8.235827e+00	-3.411228e+01	-3.499573e+00	-4.222810e-02	-5.439667e-03	2.441328e-03	-4.997523e-03	5.764875e-04	-2.227737e-04	-1.615422e-04	1.150758e-03	-2.975882e-04	-3.340622e-04	-5.844830e-04	-4.966417e-04	-3.988211e-04	-3.176538e-04	-3.048660e-04	-2.923474e-04	-9.942178e-05	2.863992e-04	-5.546160e-03	
-1.225600e-01	-1.987694e-01	-1.283035e-03	-1.464275e+01	-2.951438e+01	1.229744e+00	-1.735351e-02	-6.129204e-03	2.123107e-02	3.437394e-03	3.389573e-05	-2.107894e-04	-5.367754e-05	1.150758e-03	-2.975882e-04	-3.340622e-04	-5.844830e-04	-4.966417e-04	-3.988211e-04	-3.176538e-04	-3.048660e-04	-2.923474e-04	-9.942178e-05	-1.242785e-04	-4.957287e-03	
2.437363e-01	-2.700881e-01	-1.277081e-03	-9.408789e+00	-3.794942e+01	-4.006314e+00	7.079394e-03	1.060071e-03	-1.411082e-02	1.978090e-02	-3.704581e-04	-1.275163e-04	-5.810213e-05	1.150758e-03	-2.975882e-04	-3.340622e-04	-5.844830e-04	-4.966417e-04	-3.988211e-04	-3.176538e-04	-3.048660e-04	-2.923474e-04	-9.942178e-05	-1.242785e-04	-4.352653e-03	
6.254596e-01	-2.883570e-01	4.312137e-04	-8.004876e-01	-1.821238e+01	-5.011578e+00	7.688322e-03	-3.605991e-03	2.387848e-02	-1.223384e-02	-2.394838e-04	-3.145171e-04	-6.264501e-05	1.150758e-03	-2.975882e-04	-3.340622e-04	-5.844830e-04	-4.966417e-04	-3.988211e-04	-3.176538e-04	-3.048660e-04	-2.923474e-04	-9.942178e-05	-1.242785e-04	-3.732792e-03	
6.415390e-01	-2.790733e-01	7.735553e-03	2.877866e+00	-6.896069e+00	-2.677875e+00	-1.439214e-02	-8.194327e-03	4.955269e-03	-1.202794e-02	-1.367271e-04	-5.049590e-04	-5.797154e-04	1.150758e-03	-2.975882e-04	-3.340622e-04	-5.844830e-04	-4.966417e-04	-3.988211e-04	-3.176538e-04	-3.048660e-04	-2.923474e-04	-9.942178e-05	-1.242785e-04	-3.098262e-03	
3.264694e-01	-2.605643e-01	8.603245e-03	9.467215e+00	2.081824e+01	1.207046e+01	7.137705e-02	-1.703602e-02	-2.835921e-02	-3.187265e-02	-3.247935e-04	2.778486e-04	2.246950e-04	1.150758e-03	-2.975882e-04	-3.340622e-04	-5.844830e-04	-4.966417e-04	-3.988211e-04	-3.176538e-04	-3.048660e-04	-2.923474e-04	-9.942178e-05	-1.242785e-04	-2.449638e-03	
2.226454e-02	-2.346876e-01	4.480737e-03	1.191533e+01	-4.592669e+00	7.870679e+00	-1.007181e-02	-6.938613e-03	-2.608859e-02	-2.278106e-02	-1.774512e-05	6.859843e-04	4.140000e-04	1.150758e-03	-2.975882e-04	-3.340622e-04	-5.844830e-04	-4.966417e-04	-3.988211e-04	-3.176538e-04	-3.048660e-04	-2.923474e-04	-9.942178e-05	-1.242785e-04	-1.787512e-03	
-1.528418e-01	-3.259681e-02	8.811317e-04	1.719223e+01	2.743021e+01	7.956236e+00	4.601691e-02	-2.861919e-03	2.327775e-02	-1.254848e-03	-5.937328e-04	4.122174e-04	3.454819e-04	1.150758e-03	-2.975882e-04	-3.340622e-04	-5.844830e-04	-4.966417e-04	-3.988211e-04	-3.176538e-04	-3.048660e-04	-2.923474e-04	-9.942178e-05	-1.242785e-04	-1.112492e-03	
-2.264743e-01	3.735196e-01	-1.097256e-03	1.979534e+01	3.185837e+01	8.922638e+00	3.144132e-02	7.278495e-03	-1.995566e-02	2.746531e-02	-2.761642e-04	5.464824e-04	2.935587e-04	1.150758e-03	-2.975882e-04	-3.340622e-04	-5.844830e-04	-4.966417e-04	-3.988211e-04	-3.176538e-04	-3.048660e-04	-2.923474e-04	-9.942178e-05	-1.242785e-04	-4.251980e-04	
-2.400650e-01	5.856540e-01	-1.958021e-03	1.133239e+01	2.918581e+01	6.073820e+00	-1.319594e-03	4.090923e-03	6.770082e-03	1.220538e-02	-6.325401e-04	3.488341e-04	2.050456e-04	1.150758e-03	-2.975882e-04	-3.340622e-04	-5.844830e-04	-4.966417e-04	-3.988211e-04	-3.176538e-04	-3.048660e-04	-2.923474e-04	-9.942178e-05	-1.242785e-04	2.737380e-04	
-2.235583e-01	3.765420e-01	-2.153073e-03	-1.205520e+00	3.083287e+01	-8.200087e-01	-3.682567e-02	-1.362615e-03	1.352582e-02	1.719068e-02	-9.347043e-04	2.587941e-04	2.150850e-04	1.150758e-03	-2.975882e-04	-3.340622e-04	-5.844830e-04	-4.966417e-04	-3.988211e-04	-3.176538e-04	-3.048660e-04	-2.923474e-04	-9.942178e-05	-1.242785e-04	9.836746e-04	
-1.976986e-01	5.727057e-02	-1.997808e-03	-4.024333e+00	1.437764e+01	-2.806600e+00	5.763479e-03	-6.853177e-04	-2.874221e-02	3.345593e-02	-9.272374e-04	5.193161e-04	3.242562e-04	1.150758e-03	-2.975882e-04	-3.340622e-04	-5.844830e-04	-4.966417e-04	-3.988211e-04	-3.176538e-04	-3.048660e-04	-2.923474e-04	-9.942178e-05	-1.242785e-04	1.703963e-03	
-1.742584e-01	-1.581573e-01	-1.731631e-03	-6.168403e+00	7.461277e+00	2.105356e+00	6.382872e-03	2.598824e-03	7.599102e-03	1.000373e-02	-8.636612e-04	2.531758e-04	2.148227e-04	1.150758e-03	-2.975882e-04	-3.340622e-04	-5.844830e-04	-4.966417e-04	-3.988211e-04	-3.176538e-04	-3.048660e-04	-2.923474e-04	-9.942178e-05	-1.242785e-04	2.433951e-03	
-1.571629e-01	-2.635982e-01	-1.495048e-03	3.004132e+00	2.392836e+01	1.512037e+00	-3.186490e-02	3.212292e-03	-1.120570e-02	3.131446e-03	-1.064273e-03	2.220454e-04	3.019652e-04	1.150758e-03	-2.975882e-04	-3.340622e-04	-5.844830e-04	-4.966417e-04	-3.988211e-04	-3.176538e-04	-3.048660e-04	-2.923474e-04	-9.942178e-05	-1.242785e-04	3.172979e-03	
