1.500000e+00 1.162500e+01 1.640000e+01 3.307500e+01 4.967500e+01 5.427500e+01 6.492500e+01 7.475000e+01 8.960000e+01 1.007250e+02 1.113500e+02 1.164000e+02 1.322750e+02 1.489250e+02 1.534750e+02 1.648000e+02 1.759250e+02 1.867500e+02 1.918000e+02 2.077250e+02 2.125500e+02 2.231250e+02 2.342500e+02 2.445750e+02 20.250000
6.600000e+00 2.250000e+01 2.852500e+01 3.860000e+01 4.415000e+01 5.912500e+01 6.995000e+01 7.952500e+01 8.457500e+01 9.517500e+01 1.053250e+02 1.216750e+02 1.267250e+02 1.383500e+02 1.431500e+02 1.592500e+02 1.704000e+02 1.819750e+02 1.968750e+02 2.016750e+02 2.178500e+02 2.282250e+02 2.390250e+02 2.501750e+02 20.250000
4.000000e+00 1.890000e+01 5.167500e+01 5.652500e+01 9.160000e+01 1.027250e+02 1.347750e+02 1.668000e+02 1.943000e+02 2.099750e+02 2.251250e+02 2.470750e+02 18.025000
0
0
0
0
0
0
0
0
0
0
0
0
0
0
0
0
0
0
0
0
0
0
