roi,t,p,p_mask,t_disp
A32sg,1.9482633766492838,0.05838019035302943,0,0.0
A32p,3.9945972320512255,0.0015678841679503319,1,3.9945972320512255
A24cd,3.417187949062319,0.0032424914985313127,1,3.417187949062319
A24rv,0.898262178718726,0.2592786688781828,0,0.0
A14m,0.6221422551292309,0.2969821101092081,0,0.0
A11m,-0.48078865300548035,0.6823956824039794,0,-0.0
A13,0.8134987322693287,0.2592786688781828,0,0.0
A10m,1.4751960267032087,0.12077902219994185,0,0.0
A9m,3.251468081421066,0.0038691586055511523,1,3.251468081421066
A8m,5.209896193244187,0.00015266026268100834,1,5.209896193244187
A6m,3.791200705125532,0.0017297188866391765,1,3.791200705125532
