-3.33148005e-02
4.25731139e-01
4.91357267e-01
-6.51026589e-01
1.33156547e-03
4.36161388e-01
-3.04907203e-01
-6.23933058e-02
1.24300500e-01
-3.02695740e-01
4.67944622e-01
2.36330920e-01
-7.21205779e-01
3.55225598e-02
3.09669277e-01
-6.06430430e-01
-3.63705919e-01
3.17586005e-02
2.12356119e-01
-8.60614719e-02
1.12045654e-01
2.24326916e-01
-3.10842911e-01
1.14811597e-01
-4.99251439e-02
-4.04253858e-01
2.23280574e-01
1.03295601e-01
-4.83518592e-01
-8.16132267e-03
5.74093473e-01
2.37138158e-01
6.79429766e-02
4.01833773e-01
-2.04702396e-01
1.81162262e-01
4.00740592e-01
-1.65181249e-01
9.46064952e-02
2.02782304e-01
-3.55383617e-01
-2.71953281e-01
3.09503570e-02
-3.18474979e-01
-2.78737370e-01
4.62069729e-01
-9.43459613e-02
-4.89544486e-01
2.47407237e-01
1.56588504e-01
-3.11099267e-01
2.12826662e-01
2.69301631e-01
-2.49632908e-01
2.40609929e-02
-2.61817121e-02
-5.75574607e-01
1.57924985e-01
4.78416134e-01
-4.89827215e-01
-2.63499965e-01
4.00165672e-01
-2.07995899e-02
-2.66848363e-01
3.53512228e-01
2.55814327e-01
-3.00348456e-01
2.45446273e-01
6.11011953e-01
-9.84388241e-02
-2.82751583e-01
-2.15756358e-02
-2.10695300e-01
-7.07375962e-02
4.19502115e-01
-7.95533644e-04
-3.80395713e-01
1.13862031e-01
-1.68481398e-01
-5.16298985e-01
6.85624299e-02
-1.40425053e-01
-2.28749419e-01
4.13469876e-01
-7.66446805e-02
-5.44218452e-01
2.53068975e-01
2.88449872e-01
3.42595043e-01
4.41317101e-01
-2.68860921e-01
5.63861185e-03
3.62825593e-01
-3.29369572e-01
-8.19473358e-02
4.35412202e-01
-2.28295988e-01
-4.60806938e-01
1.80688509e-01
-2.70729155e-03
-3.87509111e-01
3.61149679e-01
8.76640134e-01
-2.77039233e-02
-4.77124441e-01
4.22034787e-01
3.79031516e-01
-3.58331221e-01
-1.98450060e-01
3.52264228e-01
1.24287021e-01
-8.63989200e-01
-1.08404127e+00
-2.25717521e-01
5.62560773e-01
-3.02917765e-01
-3.15381438e-01
5.60990243e-01
3.49590998e-01
2.07382332e-01
7.57553585e-02
-3.34422911e-01
2.00736305e-02
-3.57063474e-01
-2.13830957e-01
2.50489590e-01
-7.29444268e-02
-4.08162757e-01
-7.79673774e-03
6.74026832e-01
3.99127030e-01
-3.32100212e-01
2.34240548e-01
6.87661222e-01
1.82995199e-01
3.22895424e-01
9.12523884e-02
-4.56165549e-01
-6.50059849e-02
-2.99874842e-01
-6.09049360e-01
2.31565275e-01
1.29363039e-01
-4.56757788e-01
5.98705418e-02
8.21190672e-02
-6.66423149e-01
-3.30815518e-01
4.49663415e-01
5.92792623e-02
-8.02779157e-03
9.80042983e-02
-6.02292319e-02
6.73426595e-01
1.17126729e-01
-3.93263849e-01
8.52167244e-02
2.54667780e-01
-1.16083955e-01
5.00906830e-02
3.93964839e-01
-3.74015113e-01
-5.83618651e-01
-5.65429072e-02
3.96650977e-01
2.90903065e-01
-4.18395790e-01
8.36426422e-02
3.87700600e-01
-1.60454985e-01
-3.40571362e-01
3.90174236e-01
3.45631301e-01
-2.70995817e-01
5.77242513e-02
1.83143920e-01
-4.39367634e-01
-2.35887910e-01
1.84966659e-01
1.00482954e-01
2.14096587e-01
3.10319789e-01
-3.94883336e-01
-5.33543051e-01
-6.21042018e-02
-1.11933093e-01
-2.32109415e-01
1.31711187e-02
-3.30317811e-01
-9.17275045e-02
1.10136034e-01
-6.73198319e-02
-8.81641159e-02
7.80414334e-02
-1.53735353e-01
3.48542347e-01
1.27912704e-01
1.31598511e-01
6.17212434e-01
5.13243796e-02
-9.91989569e-02
6.47430717e-01
9.04666351e-02
-4.72346808e-01
4.35131226e-01
5.86903833e-02
-3.47503797e-01
3.71273906e-01
2.32026029e-02
1.67745706e-01
9.33871038e-02
-6.73305200e-01
-3.11298762e-01
-3.36358940e-01
-9.05803013e-01
-1.19795769e-01
3.95226082e-01
-2.88408096e-01
2.25762573e-02
5.92609859e-01
5.24461483e-02
-1.97145965e-02
2.90502124e-01
-2.48991162e-01
-1.07912290e-01
2.20767319e-01
-8.88944277e-02
3.90495306e-01
1.44880479e-01
-1.93784037e-02
5.72410130e-01
2.45781922e-02
-2.31934433e-01
1.71761054e-01
-1.86321920e-01
-3.06279804e-01
8.80147529e-02
-1.92967033e-01
-5.52442539e-01
-1.50106615e-01
1.84787349e-03
-2.34968822e-01
3.44230547e-01
-7.78877558e-02
-5.03896747e-01
2.16661224e-01
-9.53172853e-02
3.97338235e-02
3.91870924e-01
-7.85594888e-02
-1.05904692e-01
1.30209652e-01
-5.31487103e-02
2.24824228e-01
6.86428600e-03
5.37126095e-02
7.16432052e-01
-1.65624946e-01
-7.58102176e-01
-7.52673253e-02
4.46827086e-01
-2.45204235e-01
-1.10999890e-03
8.09266201e-01
1.35992664e-01
-3.25507023e-01
5.30592408e-01
1.47512444e-01
-6.18409595e-01
-2.65507218e-01
9.10662375e-03
-8.15195337e-02
3.77459478e-01
2.22500426e-01
-7.27540557e-01
-8.16457034e-01
8.50931751e-02
5.59621060e-01
-3.39619722e-01
-2.01225215e-01
6.35613711e-01
-1.68056497e-01
2.40266535e-03
4.50320881e-01
-3.91347401e-01
-5.09666547e-01
-1.39685509e-02
4.54463174e-01
-8.56009939e-02
-2.63844148e-01
3.74496130e-01
-5.65179253e-02
-1.45817976e-01
4.50896818e-01
1.50770172e-01
-2.79049312e-01
2.37388276e-01
-1.18063054e-01
-5.99429595e-01
-1.61880656e-01
1.25042614e-01
-2.76667049e-01
-9.42512108e-02
7.22667978e-01
2.12823733e-01
-3.84141230e-01
8.79807493e-02
1.65781715e-01
2.80991232e-02
-2.81221473e-03
